20 100
1 1 1 1 1 1 1 1 1 1 2 2 2 2 2 2 2 2 2 2 3 3 3 3 3 3 3 3 3 3 4 4 4 4 4 4 4 4 4 4 5 5 5 5 5 5 5 5 5 5 6 6 6 6 6 6 6 6 6 6 7 7 7 7 7 7 7 7 7 7 8 8 8 8 8 8 8 8 8 8 9 9 9 9 9 9 9 9 9 9 10 10 10 10 10 10 10 10 10 10
28
59 40 6 14 4 39 88 69 16 18 27 49 17 52 54 82 2 34 25 71 5 100 21 92 48 35 47 23
29
57 31 13 48 63 49 88 91 65 25 19 30 1 89 11 95 18 87 6 67 64 46 38 56 21 47 54 70 55
24
52 40 87 11 83 71 61 1 37 31 46 59 57 17 77 64 54 26 7 69 55 92 82 24
20
59 97 22 58 34 27 49 33 65 77 55 13 15 50 62 21 100 52 37 84
28
51 58 71 21 57 89 65 63 42 47 93 82 36 16 92 39 19 12 59 6 69 55 34 32 45 62 90 67
22
33 96 47 13 46 89 78 49 80 83 60 91 10 32 3 97 45 56 59 66 84 93
23
68 57 48 86 74 60 66 43 36 7 82 95 63 16 40 2 81 87 55 32 71 22 47
25
67 1 66 6 81 16 25 100 58 10 2 3 96 29 49 33 51 65 89 77 20 95 97 87 35
25
27 52 21 92 39 24 76 63 81 85 30 70 34 79 42 11 91 97 43 65 4 14 2 87 17
29
37 24 33 88 18 95 19 10 51 50 44 22 71 59 68 75 49 58 25 38 64 9 36 78 90 96 86 53 87
27
71 93 32 44 60 42 8 35 4 76 9 56 62 2 1 59 81 37 72 89 85 84 39 48 6 98 68
22
49 95 94 97 71 41 40 82 87 37 6 43 98 21 22 33 9 26 61 59 85 17
26
79 26 55 40 7 56 70 27 66 68 80 71 4 58 33 45 85 82 78 38 39 30 87 81 92 25
20
52 61 6 82 58 16 45 66 70 27 76 62 83 65 57 18 7 78 73 69
27
73 27 32 83 91 89 51 65 6 8 45 84 2 34 100 64 72 56 17 80 87 35 41 70 48 53 21
25
83 94 25 2 51 3 95 53 4 10 76 19 36 90 92 59 12 82 57 26 55 70 14 49 33
20
83 38 86 68 72 19 49 13 18 90 60 99 56 92 84 94 82 23 40 87
23
94 50 87 31 82 73 89 53 83 40 14 20 59 28 64 10 38 18 23 11 69 66 68
24
95 1 57 91 26 19 68 38 42 12 84 83 35 86 45 16 80 93 29 4 73 75 88 15
21
65 47 36 75 87 84 82 70 39 8 55 86 7 77 90 92 17 57 50 88 85
