20 100
1 1 1 1 1 1 1 1 1 1 2 2 2 2 2 2 2 2 2 2 3 3 3 3 3 3 3 3 3 3 4 4 4 4 4 4 4 4 4 4 5 5 5 5 5 5 5 5 5 5 6 6 6 6 6 6 6 6 6 6 7 7 7 7 7 7 7 7 7 7 8 8 8 8 8 8 8 8 8 8 9 9 9 9 9 9 9 9 9 9 10 10 10 10 10 10 10 10 10 10
23
40 21 49 48 85 27 94 79 52 14 95 98 16 64 57 12 56 4 30 7 55 36 3
28
52 59 46 50 23 47 92 68 63 70 62 96 31 34 93 32 15 33 80 38 56 88 97 1 13 24 11 55
29
35 93 31 54 8 52 67 15 43 88 4 77 79 11 3 7 87 2 90 32 34 99 27 18 42 97 85 38 47
27
21 70 79 1 88 44 66 37 87 61 71 36 29 39 38 49 99 14 80 11 69 7 67 75 34 56 77
20
99 54 14 6 31 29 100 67 39 38 5 64 1 7 96 58 97 27 9 3
27
48 54 7 6 21 55 66 61 67 46 38 14 42 59 9 29 69 5 44 86 62 60 34 18 68 83 75
22
32 30 96 75 55 94 28 86 23 15 62 92 56 2 98 88 42 52 3 70 12 44
25
18 28 89 93 49 26 2 52 40 77 48 78 29 54 56 96 95 39 82 5 100 85 58 69 13
25
98 37 21 97 5 10 34 22 62 17 59 38 54 3 66 90 60 68 96 100 56 6 28 45 72
20
25 13 10 50 99 68 79 56 4 97 19 36 93 32 17 16 83 43 84 5
27
39 48 14 76 51 66 3 97 85 59 4 11 54 38 22 98 33 75 12 46 58 90 65 89 44 24 79
27
9 14 66 82 26 19 81 32 93 98 42 63 67 6 86 52 68 3 64 59 73 36 10 16 48 18 1
27
51 21 5 86 66 98 88 87 7 70 79 48 100 47 92 13 9 42 34 27 96 31 12 72 89 3 76
24
11 34 39 19 59 64 60 57 47 4 25 29 81 94 26 23 24 30 69 18 87 32 40 1
29
94 72 22 44 59 31 50 77 78 87 14 41 91 34 20 8 93 29 74 71 47 97 30 67 28 86 46 89 54
22
18 63 41 57 74 98 92 82 99 22 93 48 96 40 85 36 3 66 44 84 39 8
24
66 24 7 12 41 31 29 27 71 38 78 68 3 6 74 57 5 67 54 20 98 53 92 36
27
49 73 18 28 19 53 72 100 13 27 35 80 86 98 31 14 34 92 90 41 54 61 40 56 51 81 25
26
78 39 66 37 62 40 44 12 64 90 51 73 31 19 88 83 46 97 21 11 72 71 65 49 69 26
20
36 45 89 33 30 94 43 92 34 60 49 76 68 11 84 58 55 70 66 48
