20 100
1 1 1 1 1 1 1 1 1 1 2 2 2 2 2 2 2 2 2 2 3 3 3 3 3 3 3 3 3 3 4 4 4 4 4 4 4 4 4 4 5 5 5 5 5 5 5 5 5 5 6 6 6 6 6 6 6 6 6 6 7 7 7 7 7 7 7 7 7 7 8 8 8 8 8 8 8 8 8 8 9 9 9 9 9 9 9 9 9 9 10 10 10 10 10 10 10 10 10 10
24
28 63 85 57 13 16 22 86 33 50 23 58 5 6 64 17 99 39 52 15 87 4 96 36
24
47 95 88 84 38 53 79 46 25 27 80 12 99 70 98 28 58 13 74 97 26 50 92 60
24
18 91 16 62 59 47 17 11 97 20 46 75 38 82 41 52 49 54 9 34 7 43 31 61
25
66 90 51 75 62 27 69 97 100 13 65 32 96 73 77 31 19 59 8 22 44 42 81 47 6
22
31 23 35 29 95 30 82 51 22 37 99 9 1 53 50 16 2 90 47 75 69 21
26
73 86 22 65 45 98 89 42 57 100 6 81 61 84 49 4 11 20 16 9 88 64 31 44 85 17
27
3 16 29 54 69 22 97 72 6 100 49 98 13 10 73 66 75 25 88 31 45 86 20 94 2 71 42
26
81 28 75 35 14 37 17 96 16 90 93 19 91 64 5 82 7 18 65 51 59 58 27 45 56 97
25
75 29 30 10 64 5 13 76 52 68 71 37 43 97 47 87 33 86 89 3 39 8 36 40 21
20
72 57 41 40 76 49 79 1 99 22 98 88 18 7 85 59 94 53 14 74
28
77 64 14 3 39 65 38 95 12 7 76 80 72 59 66 32 46 93 18 24 22 75 83 71 69 56 41 34
21
82 88 36 49 16 32 46 3 71 30 10 41 60 14 45 86 100 72 55 22 74
20
100 40 96 2 73 4 98 36 22 69 5 81 21 86 45 46 54 17 58 32
22
55 59 35 92 63 77 42 56 100 7 4 80 23 82 44 68 73 88 8 50 48 81
23
32 66 26 6 75 43 65 42 2 79 30 31 69 93 53 83 100 80 51 5 12 48 82
27
58 20 3 88 21 92 63 24 87 40 5 73 15 10 57 69 16 89 4 34 79 52 35 99 55 45 64
28
71 80 64 25 90 28 65 2 79 61 8 5 66 20 60 98 86 10 94 27 81 31 53 9 44 48 96 93
28
88 38 11 21 18 34 14 65 20 71 73 47 91 55 6 46 4 94 10 90 59 54 8 72 58 30 61 29
24
55 78 89 27 47 15 59 19 6 4 46 26 23 73 85 14 11 52 74 3 81 51 10 93
26
52 23 18 49 2 43 66 35 94 98 44 82 33 32 6 51 85 73 59 13 11 89 64 68 80 14
