20 100
1 1 1 1 1 1 1 1 1 1 2 2 2 2 2 2 2 2 2 2 3 3 3 3 3 3 3 3 3 3 4 4 4 4 4 4 4 4 4 4 5 5 5 5 5 5 5 5 5 5 6 6 6 6 6 6 6 6 6 6 7 7 7 7 7 7 7 7 7 7 8 8 8 8 8 8 8 8 8 8 9 9 9 9 9 9 9 9 9 9 10 10 10 10 10 10 10 10 10 10
20
17 88 3 65 38 20 19 60 45 74 57 30 94 58 59 100 39 61 81 31
24
82 9 70 53 84 93 90 16 17 64 8 50 15 5 42 71 65 31 22 21 27 99 43 38
22
39 68 59 30 31 25 80 14 20 73 29 27 6 55 54 82 17 43 41 74 22 65
24
50 84 12 68 3 5 64 58 44 37 29 82 22 51 28 2 39 4 70 45 98 77 1 15
28
50 64 73 14 77 3 21 25 46 78 47 43 33 58 39 91 2 88 82 36 51 79 37 63 70 31 62 9
22
41 97 25 48 64 29 98 30 66 45 80 54 22 7 91 59 60 19 73 44 53 1
25
12 61 77 100 5 96 24 34 53 31 63 95 49 65 98 32 83 74 47 86 15 80 55 13 97
21
51 30 14 22 49 85 2 93 76 89 41 90 25 39 77 91 11 13 79 28 29
21
27 63 55 80 79 74 42 22 82 54 76 62 40 17 8 52 86 66 51 3 35
27
81 46 93 45 84 51 26 75 8 62 14 1 41 13 88 32 36 61 17 60 50 96 72 18 21 66 12
28
73 96 52 44 15 81 48 67 74 65 77 17 78 93 87 42 27 10 6 66 47 100 59 51 29 60 45 94
24
88 65 21 55 25 17 22 24 83 33 74 71 93 57 82 35 2 38 28 27 13 56 97 19
25
51 17 24 68 90 12 30 44 78 1 76 6 46 86 91 55 85 56 75 92 38 94 65 74 52
25
9 64 95 93 12 70 66 42 65 52 49 33 39 38 13 97 29 23 2 91 78 61 63 3 41
20
82 77 36 32 46 49 99 67 75 27 100 31 55 50 34 70 72 5 93 26
22
59 71 16 5 98 38 76 91 13 32 12 42 81 62 88 46 48 47 9 7 75 70
23
13 80 72 15 42 24 19 91 5 78 4 17 31 70 89 47 40 94 93 11 56 29 28
24
54 39 88 68 20 94 46 28 49 35 25 42 56 6 71 48 73 5 98 32 51 70 84 12
23
40 67 58 29 49 73 80 91 36 78 47 60 5 24 68 55 43 51 61 52 14 8 97
29
9 64 74 54 63 14 61 82 26 57 18 86 1 6 81 4 98 89 36 29 99 41 16 48 52 32 8 53 40
