20 100
1 1 1 1 1 1 1 1 1 1 2 2 2 2 2 2 2 2 2 2 3 3 3 3 3 3 3 3 3 3 4 4 4 4 4 4 4 4 4 4 5 5 5 5 5 5 5 5 5 5 6 6 6 6 6 6 6 6 6 6 7 7 7 7 7 7 7 7 7 7 8 8 8 8 8 8 8 8 8 8 9 9 9 9 9 9 9 9 9 9 10 10 10 10 10 10 10 10 10 10
27
7 41 84 18 39 34 6 35 81 46 21 93 80 25 13 58 78 62 30 74 73 85 53 3 32 22 56
25
66 9 71 37 35 60 89 42 28 77 36 82 70 21 48 76 94 81 45 23 92 8 75 38 16
29
44 92 1 4 55 16 36 82 57 6 9 69 2 47 54 59 41 38 98 61 84 85 39 64 34 79 25 66 58
27
74 87 39 10 93 51 79 2 42 78 59 20 99 72 47 86 22 83 31 6 64 77 36 60 97 41 75
23
69 56 71 4 10 41 61 67 46 77 64 81 54 24 66 98 83 48 11 88 18 9 73
27
69 22 6 36 42 62 85 34 35 70 66 8 81 67 44 43 83 2 74 91 89 15 13 63 54 25 40
27
6 54 51 76 11 30 42 18 4 83 39 93 43 86 29 98 57 35 97 8 87 44 38 79 84 70 16
26
15 47 7 96 79 60 53 51 95 80 37 88 83 1 39 41 24 40 6 55 67 73 21 97 81 48
23
20 83 66 78 14 35 53 73 21 70 33 94 96 18 43 45 54 55 60 41 63 99 9
24
29 13 16 73 22 67 21 9 15 38 30 11 3 65 58 59 69 14 99 27 60 98 5 34
25
20 93 92 46 33 15 47 87 36 65 1 70 76 4 57 37 59 13 97 25 29 79 80 18 85
20
8 86 31 40 60 1 56 53 10 37 85 55 26 81 2 32 22 27 23 74
25
26 32 42 49 55 22 76 27 58 51 4 78 3 96 25 7 85 82 88 98 97 64 92 36 69
28
67 90 41 99 20 76 18 4 48 1 68 22 40 50 31 6 16 33 23 42 95 30 70 45 59 10 49 92
26
43 39 88 69 89 76 30 16 45 7 23 57 55 21 42 62 20 80 85 90 87 26 34 5 25 84
22
50 79 56 22 39 47 18 88 72 52 34 10 77 55 48 27 1 43 49 2 32 70
25
31 40 36 44 85 95 67 90 47 82 58 66 61 50 71 77 48 2 13 28 46 64 42 39 99
29
4 93 76 94 67 80 35 41 43 54 91 90 66 7 6 52 34 49 5 89 42 33 51 82 21 71 74 85 60
28
54 72 23 90 95 39 59 67 51 87 4 9 99 60 31 6 34 46 7 61 21 63 13 44 19 25 94 77
23
66 29 1 70 63 68 95 73 54 31 91 12 13 80 76 65 49 4 45 3 39 44 15
