20 100
1 1 1 1 1 1 1 1 1 1 2 2 2 2 2 2 2 2 2 2 3 3 3 3 3 3 3 3 3 3 4 4 4 4 4 4 4 4 4 4 5 5 5 5 5 5 5 5 5 5 6 6 6 6 6 6 6 6 6 6 7 7 7 7 7 7 7 7 7 7 8 8 8 8 8 8 8 8 8 8 9 9 9 9 9 9 9 9 9 9 10 10 10 10 10 10 10 10 10 10
23
15 21 37 56 7 60 61 95 30 47 97 98 13 52 26 29 49 45 70 89 8 12 81
28
87 42 1 28 12 50 39 8 32 99 26 84 78 69 79 23 60 13 92 22 71 47 70 21 52 62 53 89
26
92 61 67 31 4 26 69 41 20 48 47 100 16 44 49 55 58 45 98 3 54 93 83 84 62 17
24
80 12 69 95 3 30 65 93 51 6 100 83 44 52 88 90 74 5 66 76 71 32 36 72
21
88 37 63 51 65 46 94 13 78 98 60 3 73 16 26 36 76 86 56 47 81
27
82 46 73 91 3 23 92 48 90 9 27 18 59 64 32 5 89 39 100 84 24 40 44 94 97 72 2
25
21 78 7 54 72 89 82 100 19 18 47 67 99 88 53 39 76 84 96 5 12 8 17 52 27
25
6 96 98 14 3 95 52 42 34 25 50 20 100 23 31 37 30 45 76 41 55 7 12 81 29
28
43 19 41 56 46 78 91 52 17 96 89 97 42 4 65 29 100 20 63 14 88 86 33 51 76 27 10 9
25
20 61 46 29 99 72 12 8 49 97 31 26 62 44 36 95 48 51 47 56 33 14 79 58 81
28
66 75 27 37 36 5 65 63 76 94 49 59 84 100 31 68 26 57 25 80 40 39 74 13 58 78 12 96
26
42 80 45 44 20 61 38 40 78 81 9 67 91 32 14 29 43 82 62 33 97 92 53 37 83 35
25
95 67 6 26 57 28 60 11 39 41 23 21 51 53 65 42 79 29 86 92 33 4 34 85 3
21
59 24 22 91 18 21 75 38 27 83 63 90 17 1 6 48 97 33 64 32 37
29
55 29 7 40 93 61 86 52 94 9 18 2 53 78 64 25 47 60 84 36 21 77 34 57 70 51 95 26 1
20
21 77 88 82 13 45 80 19 4 6 22 65 25 28 20 31 76 95 91 33
26
23 61 31 24 14 25 89 41 18 63 51 43 55 58 78 96 4 16 53 46 75 84 59 93 15 17
27
53 30 7 58 37 66 92 26 6 1 28 98 9 14 55 56 46 69 40 100 11 72 81 94 48 95 57
21
64 93 90 63 98 12 15 18 78 1 88 20 10 54 53 40 89 14 45 80 48
25
21 87 11 30 83 54 92 74 17 96 28 45 57 25 33 94 80 43 88 22 3 7 24 37 61
