20 100
1 1 1 1 1 1 1 1 1 1 2 2 2 2 2 2 2 2 2 2 3 3 3 3 3 3 3 3 3 3 4 4 4 4 4 4 4 4 4 4 5 5 5 5 5 5 5 5 5 5 6 6 6 6 6 6 6 6 6 6 7 7 7 7 7 7 7 7 7 7 8 8 8 8 8 8 8 8 8 8 9 9 9 9 9 9 9 9 9 9 10 10 10 10 10 10 10 10 10 10
26
44 11 2 42 85 19 86 67 47 66 46 74 13 72 97 26 93 38 23 43 80 90 52 77 33 60
24
93 71 92 70 84 68 5 78 75 61 79 26 24 76 100 86 41 33 15 32 58 74 36 53
23
46 73 74 42 8 25 82 40 75 95 60 39 94 72 17 100 89 83 58 97 24 92 61
24
21 40 53 7 20 91 46 99 18 62 69 72 45 50 29 83 31 26 39 5 30 66 97 59
26
4 46 61 92 47 79 5 67 19 12 98 38 13 22 80 88 51 59 10 32 96 27 58 66 82 1
28
55 28 13 73 83 32 11 80 1 88 52 93 79 87 4 34 86 45 40 50 51 67 30 19 43 29 91 59
21
53 32 65 14 71 87 15 3 27 78 88 86 33 63 50 2 11 34 95 68 1
20
32 19 98 42 46 99 84 61 5 7 2 67 14 65 71 77 93 75 76 31
28
86 56 83 91 16 49 68 25 100 45 64 80 85 6 36 76 71 48 55 79 22 13 4 27 52 46 40 95
20
96 93 89 57 62 23 85 35 83 71 82 41 68 14 34 24 19 52 92 50
26
4 61 16 38 85 90 45 75 63 34 17 60 72 78 87 59 12 32 44 41 79 42 22 20 19 3
24
24 64 61 59 57 67 56 3 49 5 47 31 63 45 87 9 85 76 11 37 34 12 100 75
25
78 58 83 27 23 24 81 50 57 48 25 75 5 35 42 14 13 71 91 92 86 88 55 64 45
29
70 84 93 21 85 3 20 34 78 91 96 22 37 53 19 88 90 15 63 14 26 5 69 56 42 9 39 77 4
22
40 46 62 5 4 67 28 75 84 80 64 63 52 86 9 35 26 42 50 24 47 72
27
27 91 66 57 51 69 95 45 19 72 29 34 26 52 59 64 4 32 86 13 40 49 11 1 77 33 36
21
43 28 68 90 50 30 27 7 92 77 91 64 37 98 57 24 60 78 25 100 76
28
24 25 51 95 16 67 64 23 9 52 10 100 66 71 59 57 94 20 38 93 70 3 50 27 43 37 31 97
22
18 89 11 69 56 19 22 35 78 28 1 46 32 15 58 44 70 36 88 25 54 74
29
1 72 40 33 13 9 17 78 79 81 99 70 23 61 27 51 2 73 95 41 4 34 8 55 24 88 16 15 22
