20 100
1 1 1 1 1 1 1 1 1 1 2 2 2 2 2 2 2 2 2 2 3 3 3 3 3 3 3 3 3 3 4 4 4 4 4 4 4 4 4 4 5 5 5 5 5 5 5 5 5 5 6 6 6 6 6 6 6 6 6 6 7 7 7 7 7 7 7 7 7 7 8 8 8 8 8 8 8 8 8 8 9 9 9 9 9 9 9 9 9 9 10 10 10 10 10 10 10 10 10 10
23
44 35 55 100 21 58 84 67 66 98 19 6 17 22 39 49 87 72 32 65 23 85 27
20
44 35 65 17 78 69 77 52 48 86 94 27 4 13 95 34 70 14 79 66
21
39 59 32 22 76 65 100 85 57 17 19 44 52 7 69 31 6 9 33 67 8
25
84 20 24 26 35 67 81 51 9 52 25 56 100 17 60 39 97 5 19 28 27 7 46 92 38
20
58 15 39 100 25 71 46 21 47 29 13 12 77 18 51 4 68 97 26 84
21
46 30 84 99 63 88 14 86 2 42 74 3 93 39 23 77 56 85 68 41 40
20
12 26 38 72 28 43 54 76 73 47 68 3 98 19 65 56 91 50 30 80
29
84 27 5 59 20 66 47 7 21 64 34 46 95 73 79 49 90 35 44 74 98 55 78 77 37 68 26 9 48
27
37 58 61 21 88 42 5 66 17 75 81 89 20 18 28 3 46 82 68 62 91 13 7 65 2 60 32
29
92 24 85 52 38 83 74 13 62 68 47 15 28 11 36 60 59 23 54 35 42 98 55 87 72 96 56 48 9
24
91 27 75 81 37 31 32 80 72 18 39 10 7 14 78 12 68 95 21 62 77 65 54 82
29
24 50 19 52 2 31 67 6 88 49 22 81 1 46 71 76 97 21 62 10 5 33 8 27 55 42 17 51 86
23
48 19 20 59 11 98 14 47 82 57 86 85 63 32 30 72 43 36 41 73 78 95 100
21
54 20 99 9 27 17 37 94 3 96 44 22 64 79 15 57 69 31 76 23 58
25
85 53 10 36 25 50 30 59 39 43 57 69 77 68 37 34 24 73 19 29 15 40 55 76 62
21
40 44 10 2 34 91 97 51 63 22 25 50 33 3 82 26 85 14 38 99 55
24
57 65 30 27 20 62 13 85 16 78 76 49 66 87 84 41 42 73 88 91 44 72 64 77
25
59 48 28 26 49 86 75 63 52 39 44 54 30 60 29 13 5 81 15 20 35 55 56 10 90
29
19 81 28 89 50 99 15 52 3 47 92 56 94 11 77 51 45 23 82 27 65 22 13 41 30 12 72 24 57
26
22 71 14 69 73 38 56 48 68 31 92 54 91 9 58 4 25 59 67 20 83 44 7 40 96 26
