20 100
1 1 1 1 1 1 1 1 1 1 2 2 2 2 2 2 2 2 2 2 3 3 3 3 3 3 3 3 3 3 4 4 4 4 4 4 4 4 4 4 5 5 5 5 5 5 5 5 5 5 6 6 6 6 6 6 6 6 6 6 7 7 7 7 7 7 7 7 7 7 8 8 8 8 8 8 8 8 8 8 9 9 9 9 9 9 9 9 9 9 10 10 10 10 10 10 10 10 10 10
27
52 74 22 60 58 50 30 11 13 62 70 67 76 89 49 36 7 2 45 41 42 46 38 84 6 39 97
29
62 43 31 56 70 53 2 60 68 46 98 73 11 52 97 91 57 20 8 66 78 77 33 34 14 95 55 27 75
29
61 91 90 15 22 86 67 58 68 35 21 9 26 24 45 79 78 93 5 41 34 55 2 40 7 30 96 65 27
29
18 12 25 23 78 1 59 13 40 2 29 22 21 98 35 96 31 27 71 48 68 47 84 41 97 94 9 20 15
24
45 48 81 74 68 34 37 80 51 11 93 9 29 25 47 24 62 70 35 90 71 7 10 41
20
11 79 3 12 94 29 54 44 8 39 19 31 47 40 76 14 75 83 22 50
20
76 80 73 44 4 48 37 33 12 66 64 72 62 42 34 49 95 25 84 19
29
40 5 39 70 61 83 9 80 50 98 99 6 56 90 36 1 13 15 14 74 86 87 89 93 66 38 19 65 41
24
58 76 92 34 3 21 47 37 12 15 66 49 100 29 26 99 39 28 2 85 88 72 61 35
29
57 13 95 60 39 32 79 24 21 87 33 42 26 14 75 36 76 66 62 46 52 71 37 41 59 98 43 91 54
23
29 86 40 19 51 43 34 37 61 7 88 98 96 49 59 67 73 58 41 15 75 17 76
22
92 42 4 63 85 57 76 25 21 79 78 75 17 14 45 61 82 81 87 72 54 22
29
30 88 36 97 10 79 51 20 99 22 40 49 5 42 64 33 80 65 63 14 55 1 85 43 75 3 38 91 6
25
74 75 93 95 17 41 33 50 80 73 27 18 6 48 72 16 55 79 35 53 54 52 36 10 30
20
3 17 20 77 65 67 97 39 11 55 82 86 68 23 52 96 81 42 46 63
26
53 44 1 73 45 77 75 14 66 95 80 99 4 63 29 98 20 58 42 17 2 74 54 5 65 28
24
92 87 47 52 17 71 16 54 84 100 94 56 11 66 30 79 97 41 83 45 98 48 2 65
20
43 69 57 86 13 82 65 33 44 6 10 70 73 99 50 77 48 40 37 59
24
90 65 61 9 16 92 53 28 36 37 91 83 41 70 8 75 99 31 98 100 14 15 60 87
29
81 26 19 94 14 61 28 51 60 40 13 65 7 4 44 67 1 22 11 97 49 77 54 18 46 35 68 9 6
