20 100
1 1 1 1 1 1 1 1 1 1 2 2 2 2 2 2 2 2 2 2 3 3 3 3 3 3 3 3 3 3 4 4 4 4 4 4 4 4 4 4 5 5 5 5 5 5 5 5 5 5 6 6 6 6 6 6 6 6 6 6 7 7 7 7 7 7 7 7 7 7 8 8 8 8 8 8 8 8 8 8 9 9 9 9 9 9 9 9 9 9 10 10 10 10 10 10 10 10 10 10
22
40 56 3 75 63 22 1 50 89 62 81 52 98 60 87 90 78 55 2 4 41 71
20
86 30 48 73 45 11 36 77 38 40 3 27 76 25 44 56 20 23 37 5
27
11 9 77 90 78 85 48 50 35 76 59 97 63 2 99 91 51 42 98 46 22 84 88 62 52 29 67
22
51 79 42 29 82 26 31 62 87 40 18 34 58 10 36 91 20 90 2 66 57 13
27
1 78 93 71 84 72 17 96 54 55 52 57 14 56 7 74 36 89 82 37 13 41 34 66 98 8 51
26
36 28 12 89 86 42 80 55 6 29 93 69 85 32 5 3 17 64 7 44 74 78 19 61 34 4
22
21 61 79 74 5 40 66 71 24 18 50 97 100 56 77 28 38 73 82 58 87 54
28
93 89 63 86 98 6 77 96 11 19 65 95 33 91 85 76 79 15 5 52 13 35 38 9 84 37 45 68
25
88 52 75 98 14 61 87 29 9 73 21 83 43 55 16 31 10 59 72 6 63 20 93 80 17
20
93 86 51 69 88 39 87 63 83 17 53 23 33 75 59 96 95 28 73 92
24
78 31 97 39 29 28 45 43 100 5 74 37 9 12 21 46 19 4 35 50 65 41 2 90
23
99 36 24 80 18 35 83 38 74 55 30 64 27 17 87 40 88 39 91 82 95 93 48
24
30 12 57 18 58 8 100 9 43 74 26 21 5 85 67 45 56 36 66 13 87 77 39 38
29
24 57 84 20 50 76 28 71 83 17 47 95 62 77 79 74 94 72 87 14 70 100 4 19 73 49 13 78 34
25
40 3 50 45 55 77 65 67 64 5 32 90 8 47 14 10 85 72 63 44 21 48 56 100 95
25
45 63 31 73 33 18 93 80 58 30 8 14 70 25 34 86 88 48 37 69 72 64 96 46 27
20
66 88 22 68 39 61 70 32 11 86 87 95 84 38 26 16 94 41 59 12
22
22 12 32 50 31 3 23 95 73 64 15 84 75 71 8 94 1 49 26 85 83 63
28
14 59 29 4 1 87 19 83 99 34 40 18 50 26 98 90 68 76 27 20 51 57 61 37 84 86 10 24
24
42 5 12 44 14 20 7 95 65 17 43 57 40 63 84 18 62 24 34 100 94 38 19 74
