20 100
1 1 1 1 1 1 1 1 1 1 2 2 2 2 2 2 2 2 2 2 3 3 3 3 3 3 3 3 3 3 4 4 4 4 4 4 4 4 4 4 5 5 5 5 5 5 5 5 5 5 6 6 6 6 6 6 6 6 6 6 7 7 7 7 7 7 7 7 7 7 8 8 8 8 8 8 8 8 8 8 9 9 9 9 9 9 9 9 9 9 10 10 10 10 10 10 10 10 10 10
25
55 96 33 59 52 65 2 10 83 95 77 14 67 30 84 98 35 13 39 71 20 64 75 41 7
27
78 12 52 18 9 95 91 73 22 99 32 23 3 92 61 33 55 67 47 7 96 34 84 28 17 10 80
20
32 47 56 59 57 43 42 8 14 73 23 87 85 2 7 58 94 21 22 96
23
71 83 38 91 11 21 76 61 66 51 86 48 19 81 37 99 14 31 98 64 87 43 49
21
57 49 71 41 38 13 72 95 64 84 91 77 56 8 89 32 92 86 82 11 59
26
76 70 2 75 81 51 60 50 92 10 61 82 26 5 86 74 32 62 58 42 95 4 23 59 29 57
22
90 94 67 53 42 32 79 3 48 18 82 66 52 14 77 70 56 24 23 19 99 73
22
58 82 61 7 48 42 94 34 20 6 46 67 77 53 2 35 74 18 36 1 62 47
20
52 69 96 95 2 86 9 43 73 19 11 50 26 92 93 18 53 72 68 27
24
69 47 1 90 12 78 65 100 51 60 63 49 72 24 76 38 68 19 2 17 52 92 7 18
21
54 75 92 91 25 78 7 79 61 30 49 53 85 15 63 35 48 42 62 40 22
23
55 23 77 11 97 5 93 84 15 59 18 75 70 92 22 24 79 68 51 91 86 69 6
27
34 94 84 35 36 18 32 77 67 1 78 86 100 95 85 55 62 52 38 48 19 20 98 23 73 31 30
28
42 89 90 22 8 57 97 81 34 85 54 58 92 47 37 61 60 20 56 45 96 91 52 43 16 51 83 35
24
81 16 29 47 66 8 63 90 73 64 92 28 5 31 99 68 7 51 93 35 40 55 78 84
21
84 76 26 65 12 19 42 88 31 63 62 96 66 56 52 83 39 55 34 1 91
20
38 88 24 59 86 33 98 87 12 76 52 10 43 65 62 94 47 34 40 92
27
43 29 27 57 98 1 61 18 91 2 92 56 40 10 15 70 68 58 9 54 82 86 62 49 81 6 3
23
83 57 54 31 18 98 65 60 27 73 34 24 92 36 53 88 56 33 79 81 37 99 8
24
83 14 86 79 87 47 7 2 16 81 15 85 60 64 76 90 95 32 99 57 45 24 1 35
