20 100
1 1 1 1 1 1 1 1 1 1 2 2 2 2 2 2 2 2 2 2 3 3 3 3 3 3 3 3 3 3 4 4 4 4 4 4 4 4 4 4 5 5 5 5 5 5 5 5 5 5 6 6 6 6 6 6 6 6 6 6 7 7 7 7 7 7 7 7 7 7 8 8 8 8 8 8 8 8 8 8 9 9 9 9 9 9 9 9 9 9 10 10 10 10 10 10 10 10 10 10
20
82 88 21 23 36 39 52 86 78 7 54 13 24 61 55 68 75 93 14 70
25
63 43 65 85 79 59 96 48 57 73 44 20 56 64 45 37 38 33 41 89 58 15 88 53 82
28
81 1 15 80 83 82 43 68 48 96 77 71 16 12 7 51 13 91 4 98 58 95 8 22 17 32 45 94
26
13 40 91 55 16 86 8 77 20 60 72 89 80 30 43 24 9 70 88 3 53 44 22 63 52 47
29
33 70 43 5 91 21 73 55 52 57 92 36 6 50 89 58 39 28 24 97 10 71 17 11 66 100 20 90 29
24
94 74 62 80 1 51 40 36 2 92 37 3 33 46 35 16 54 30 90 4 87 6 19 76
20
75 17 78 100 45 48 24 47 63 35 94 44 92 30 11 71 52 77 53 56
21
34 48 7 4 23 73 90 39 42 93 8 54 3 2 20 36 82 58 27 25 66
20
10 20 67 54 26 4 69 48 34 96 98 94 7 90 55 41 59 23 11 17
24
33 47 20 55 54 5 100 39 45 6 61 32 21 87 65 60 44 28 92 97 67 72 51 15
27
8 60 48 1 63 85 89 62 28 16 49 45 80 11 57 56 64 9 83 43 10 88 87 69 15 71 18
23
97 93 48 71 67 26 91 83 34 10 59 16 22 76 4 79 32 81 60 80 64 11 78
29
84 88 5 80 69 67 57 21 13 99 65 87 29 60 46 97 66 89 18 40 47 94 85 23 81 53 96 93 48
23
95 16 11 89 6 86 87 15 90 40 18 33 17 100 61 99 31 76 84 65 22 28 4
20
87 72 46 50 36 17 53 27 85 22 98 12 58 6 71 73 47 62 66 7
20
61 81 99 72 96 38 31 49 65 41 50 47 25 42 10 34 43 20 59 70
26
61 7 15 60 20 73 13 50 26 42 91 2 33 67 40 27 10 95 53 43 38 14 30 1 34 89
27
7 43 14 73 19 4 31 12 26 77 18 10 97 95 17 48 91 42 88 44 57 47 15 87 27 59 74
23
2 80 46 7 89 17 77 54 25 39 88 69 64 49 55 48 19 43 83 29 12 87 93
21
75 36 68 77 80 60 23 49 7 26 24 9 18 22 85 8 35 94 70 90 67
