20 100
1 1 1 1 1 1 1 1 1 1 2 2 2 2 2 2 2 2 2 2 3 3 3 3 3 3 3 3 3 3 4 4 4 4 4 4 4 4 4 4 5 5 5 5 5 5 5 5 5 5 6 6 6 6 6 6 6 6 6 6 7 7 7 7 7 7 7 7 7 7 8 8 8 8 8 8 8 8 8 8 9 9 9 9 9 9 9 9 9 9 10 10 10 10 10 10 10 10 10 10
23
54 51 66 6 35 91 13 65 16 7 30 73 67 33 82 47 3 64 18 5 63 4 15
21
65 73 13 86 56 6 29 79 48 66 54 16 81 5 51 50 35 91 17 7 90
22
15 13 70 20 9 65 31 6 23 48 67 45 1 29 4 82 36 51 77 75 32 44
21
8 27 20 32 28 78 51 52 71 76 16 5 24 50 12 31 91 41 7 35 15
26
26 94 40 76 96 66 87 79 28 8 80 81 44 27 42 97 55 35 54 45 14 11 75 99 72 60
24
7 96 27 22 2 63 59 36 51 30 46 69 50 87 61 57 17 92 34 3 56 48 45 83
28
95 2 61 18 66 19 98 36 50 28 62 6 68 42 92 3 40 46 15 23 83 30 79 12 54 13 32 63
28
62 41 48 80 85 79 20 40 55 6 70 86 93 65 72 25 34 9 29 4 49 2 44 46 10 82 92 60
27
18 53 91 57 22 44 32 84 25 61 4 56 43 60 40 78 55 27 97 95 47 77 31 36 81 30 10
28
42 89 46 72 8 54 37 87 93 41 68 21 60 4 62 1 23 90 28 74 56 57 79 51 88 33 45 49
22
95 48 86 100 63 79 66 77 10 56 82 58 3 36 23 81 97 32 6 28 92 17
28
52 82 21 91 41 97 99 77 44 38 98 95 29 58 57 49 4 93 72 61 3 12 5 30 64 17 76 79
21
72 45 32 3 44 65 56 84 17 24 57 98 18 36 27 51 21 16 81 8 13
28
62 36 5 40 23 86 55 69 65 67 15 37 94 50 89 100 11 2 7 59 32 60 78 77 14 47 71 29
20
88 23 84 69 30 62 17 79 18 99 94 8 61 51 95 12 63 11 35 2
21
82 45 8 29 2 24 33 11 68 38 4 74 76 88 78 51 62 22 86 55 98
22
23 36 76 70 90 5 93 59 85 22 81 53 25 33 74 80 15 67 56 72 47 13
22
14 83 100 38 41 56 42 23 79 6 91 60 82 76 15 12 10 87 18 66 72 7
29
45 97 35 90 61 22 73 33 70 8 14 64 84 68 56 63 31 89 81 13 67 55 12 75 52 21 65 44 24
21
33 67 88 62 19 3 26 42 92 8 47 7 69 64 55 25 23 15 81 70 41
