20 100
1 1 1 1 1 1 1 1 1 1 2 2 2 2 2 2 2 2 2 2 3 3 3 3 3 3 3 3 3 3 4 4 4 4 4 4 4 4 4 4 5 5 5 5 5 5 5 5 5 5 6 6 6 6 6 6 6 6 6 6 7 7 7 7 7 7 7 7 7 7 8 8 8 8 8 8 8 8 8 8 9 9 9 9 9 9 9 9 9 9 10 10 10 10 10 10 10 10 10 10
24
13 27 70 42 33 19 4 41 39 31 15 37 69 78 62 82 58 20 90 76 72 87 92 3
28
62 13 80 11 53 50 37 45 79 88 96 76 20 74 33 51 6 89 66 31 19 28 47 57 25 29 58 99
28
29 89 44 16 40 24 83 48 10 36 52 96 25 99 15 1 17 57 2 79 80 28 76 50 81 66 86 87
22
81 88 4 72 64 42 29 47 7 84 13 43 61 96 68 92 11 15 52 67 2 40
27
34 23 26 44 2 76 82 60 6 48 53 75 68 17 5 92 8 66 9 72 98 59 74 100 33 95 11
22
94 100 83 45 25 7 26 53 33 1 72 51 93 58 75 79 80 99 81 4 71 60
29
100 10 82 49 57 28 55 24 46 80 70 81 30 83 25 74 21 42 12 89 4 86 79 14 41 32 72 63 88
28
20 84 91 53 88 15 38 92 70 48 34 76 5 40 94 37 75 98 24 11 64 83 46 43 78 12 22 9
29
2 42 88 10 75 59 85 58 80 47 65 70 22 94 89 15 45 11 38 23 20 87 27 81 8 41 40 93 68
27
37 76 99 87 7 50 36 47 53 100 60 6 26 9 79 88 40 72 31 82 95 89 73 93 44 16 90
26
30 87 100 61 8 53 74 75 3 39 1 78 15 62 59 17 65 51 14 42 79 50 96 89 33 2
28
42 62 46 99 85 71 5 41 11 7 76 87 44 64 67 93 28 15 52 30 40 47 59 8 14 13 74 90
28
6 54 86 21 75 8 42 37 26 93 92 74 70 98 15 39 43 90 59 77 49 72 55 79 33 58 3 1
26
39 65 27 55 3 100 18 14 2 88 74 71 53 1 58 61 12 33 94 60 30 21 41 7 15 50
26
11 57 34 64 98 85 28 100 45 47 83 10 60 24 17 58 13 31 27 81 20 65 25 79 66 32
23
79 55 98 83 89 44 91 9 88 21 47 49 64 76 63 38 11 96 61 14 84 81 43
23
2 10 4 78 91 7 15 81 24 29 85 3 55 54 100 40 80 61 73 98 65 77 32
22
51 98 20 1 76 54 85 99 43 58 95 67 56 69 96 13 74 28 36 90 68 45
24
70 9 26 43 1 89 64 28 68 99 97 52 54 7 20 24 45 35 100 55 31 22 76 14
21
72 93 30 94 33 67 40 62 16 64 58 92 6 29 76 19 31 82 65 34 26
