20 100
1 1 1 1 1 1 1 1 1 1 2 2 2 2 2 2 2 2 2 2 3 3 3 3 3 3 3 3 3 3 4 4 4 4 4 4 4 4 4 4 5 5 5 5 5 5 5 5 5 5 6 6 6 6 6 6 6 6 6 6 7 7 7 7 7 7 7 7 7 7 8 8 8 8 8 8 8 8 8 8 9 9 9 9 9 9 9 9 9 9 10 10 10 10 10 10 10 10 10 10
26
66 18 9 100 78 45 53 93 74 84 10 62 79 31 58 57 3 68 92 55 17 29 76 2 63 5
29
63 37 55 50 16 24 22 28 58 29 10 72 41 67 25 17 97 15 32 62 86 74 2 100 46 73 91 47 13
28
57 14 53 93 61 88 1 40 44 41 33 69 73 27 45 76 28 8 89 54 63 100 79 77 55 10 39 78
28
20 95 72 86 59 17 19 66 33 27 1 42 25 7 98 4 63 100 12 14 9 10 36 52 34 43 8 82
29
14 12 67 74 7 39 35 58 92 27 41 11 40 99 2 49 43 10 26 64 60 8 63 61 50 62 38 32 52
29
86 55 54 69 77 52 16 35 98 76 95 46 91 29 25 94 31 93 60 24 97 47 83 50 4 26 88 74 48
25
52 2 74 48 91 72 93 70 87 79 32 77 57 47 3 50 16 30 7 61 40 84 37 35 18
25
46 38 43 89 82 64 61 16 72 7 50 81 90 79 31 59 62 22 25 4 52 12 92 45 55
28
28 54 30 7 53 3 70 74 12 81 21 78 77 95 10 31 13 18 42 24 84 40 87 72 98 47 96 73
25
49 59 35 29 61 27 4 52 76 40 75 20 12 26 7 82 90 68 70 51 17 54 72 88 8
21
48 59 54 41 40 84 9 22 73 52 23 92 39 31 29 97 26 45 6 2 71
29
10 37 17 75 12 95 70 35 34 30 63 60 20 22 96 23 14 93 68 39 56 64 54 81 47 16 6 99 66
20
39 83 88 10 89 17 71 38 23 91 31 61 52 16 53 48 28 82 70 43
20
56 59 5 4 48 30 77 6 94 8 71 65 34 42 9 88 47 13 43 28
29
42 48 10 96 32 30 20 51 79 41 95 23 24 45 21 11 58 46 8 62 44 4 34 29 47 93 89 50 81
29
4 65 36 19 99 39 21 44 18 35 45 98 97 14 66 30 82 48 70 53 28 85 27 81 1 55 41 77 100
20
48 51 9 47 43 52 50 10 14 39 88 42 63 41 71 79 32 11 58 27
26
15 13 29 100 60 43 99 50 56 84 62 40 27 9 34 17 16 8 92 52 70 14 23 66 78 94
27
3 97 82 85 8 73 51 34 28 15 80 89 63 37 29 35 72 32 25 79 74 4 86 6 10 58 50
26
78 75 60 33 5 93 19 91 74 37 92 11 20 49 44 76 2 9 39 59 56 29 8 14 23 99
