20 100
1 1 1 1 1 1 1 1 1 1 2 2 2 2 2 2 2 2 2 2 3 3 3 3 3 3 3 3 3 3 4 4 4 4 4 4 4 4 4 4 5 5 5 5 5 5 5 5 5 5 6 6 6 6 6 6 6 6 6 6 7 7 7 7 7 7 7 7 7 7 8 8 8 8 8 8 8 8 8 8 9 9 9 9 9 9 9 9 9 9 10 10 10 10 10 10 10 10 10 10
21
55 73 79 81 85 11 95 54 14 60 18 50 37 58 87 13 99 16 30 80 42
29
34 51 91 70 20 45 55 94 15 62 27 72 57 64 50 49 73 80 86 26 97 56 69 22 82 98 28 84 67
25
100 57 16 25 29 63 3 59 34 11 90 47 88 35 75 54 44 66 93 61 38 37 91 41 39
29
85 50 11 2 46 26 55 40 38 82 91 48 88 68 72 94 12 99 98 37 32 70 95 45 19 15 56 41 5
27
7 35 76 56 14 73 55 29 74 82 84 20 83 15 10 42 13 81 30 95 26 71 6 45 50 88 67
22
82 83 71 64 25 60 63 49 99 67 11 15 58 14 6 98 21 66 30 50 27 43
22
22 71 76 67 24 73 46 15 59 44 58 72 39 23 62 74 97 89 1 70 77 88
27
3 57 67 40 8 55 37 33 71 69 56 15 32 95 7 45 50 38 51 76 34 54 77 74 49 62 18
27
51 83 94 2 14 35 4 71 48 57 65 100 23 87 90 10 41 85 64 18 36 31 73 37 61 89 68
21
80 33 1 7 77 26 41 94 42 18 10 57 2 60 51 19 44 87 37 30 83
25
24 92 83 23 84 94 32 31 20 17 73 51 12 63 58 55 44 86 54 28 89 47 65 26 64
22
80 2 87 29 15 5 51 4 37 43 28 98 89 53 86 70 84 90 93 81 61 85
22
68 38 85 24 45 35 48 94 98 60 82 3 8 11 31 20 84 83 50 72 92 7
24
58 69 60 87 91 19 4 63 66 49 14 51 92 37 41 74 26 33 96 98 77 43 10 16
28
30 79 10 85 53 74 98 37 89 32 96 35 66 65 56 25 36 78 54 82 86 68 39 16 91 22 15 24
24
22 52 62 17 57 86 55 91 20 51 1 95 30 41 23 44 45 60 26 8 35 87 48 79
29
58 100 64 46 56 38 33 24 72 61 89 37 43 15 8 63 11 1 73 52 42 79 65 86 74 21 62 3 95
22
1 24 59 66 61 99 98 30 37 31 43 68 86 82 8 41 27 20 50 34 19 13
28
58 61 24 8 12 53 29 30 77 18 1 5 37 23 34 27 86 20 36 16 49 90 44 14 10 84 72 48
28
54 37 11 56 63 22 72 97 90 48 26 23 68 89 73 34 18 42 16 4 30 51 83 24 92 17 5 27
