20 100
1 1 1 1 1 1 1 1 1 1 2 2 2 2 2 2 2 2 2 2 3 3 3 3 3 3 3 3 3 3 4 4 4 4 4 4 4 4 4 4 5 5 5 5 5 5 5 5 5 5 6 6 6 6 6 6 6 6 6 6 7 7 7 7 7 7 7 7 7 7 8 8 8 8 8 8 8 8 8 8 9 9 9 9 9 9 9 9 9 9 10 10 10 10 10 10 10 10 10 10
23
75 16 98 80 26 87 18 95 70 67 96 8 74 60 86 22 57 14 78 81 33 29 65
29
35 61 29 85 57 88 84 64 2 79 97 56 75 14 49 38 26 47 73 40 45 6 55 22 31 36 39 25 19
26
82 47 21 5 80 41 90 85 96 59 35 50 91 65 97 79 52 57 94 78 77 58 92 74 68 46
26
77 92 63 57 13 73 27 34 15 70 16 78 75 28 26 88 17 2 84 46 72 55 95 86 40 74
25
53 7 22 96 3 32 51 66 54 75 41 77 98 29 72 13 33 63 56 20 27 18 21 85 62
22
77 1 32 7 8 31 74 22 83 49 84 20 46 45 34 6 94 54 19 48 60 64
23
20 17 66 6 21 29 24 39 58 94 26 30 76 86 53 68 19 84 85 43 46 79 1
24
92 32 63 46 65 48 45 60 71 87 2 78 62 96 36 5 64 3 72 57 97 7 56 11
28
29 46 25 41 19 90 1 88 82 61 51 91 45 80 57 37 53 68 48 86 84 70 49 85 59 10 34 100
29
68 57 43 78 71 56 50 31 98 19 36 74 70 1 91 8 17 46 54 76 15 24 12 16 27 93 45 63 97
27
9 7 74 70 59 27 30 38 58 40 8 25 23 78 64 20 51 94 3 81 100 26 2 41 35 80 10
22
100 12 34 85 35 6 1 90 74 27 91 88 28 52 67 32 98 20 43 61 47 69
20
53 43 14 9 63 59 24 3 21 97 86 29 5 99 83 100 76 45 71 11
28
99 50 74 29 55 90 19 41 81 11 69 95 23 67 30 65 14 25 58 4 59 2 33 47 72 100 71 89
24
18 35 24 27 7 17 77 5 96 21 50 58 48 44 62 33 52 74 87 4 63 45 28 59
23
11 88 5 13 66 47 85 30 24 61 68 4 15 25 27 89 40 21 83 72 1 74 48
24
28 25 21 52 63 8 64 49 92 13 14 91 81 85 84 71 58 2 53 78 41 98 74 5
22
6 33 88 70 43 1 71 58 94 97 69 96 72 13 54 62 37 74 47 53 10 31
22
22 91 43 46 84 1 33 61 62 57 47 51 25 14 50 8 6 99 19 28 100 67
20
17 66 81 25 28 96 77 8 100 18 74 72 94 1 22 41 27 16 88 90
