20 100
1 1 1 1 1 1 1 1 1 1 2 2 2 2 2 2 2 2 2 2 3 3 3 3 3 3 3 3 3 3 4 4 4 4 4 4 4 4 4 4 5 5 5 5 5 5 5 5 5 5 6 6 6 6 6 6 6 6 6 6 7 7 7 7 7 7 7 7 7 7 8 8 8 8 8 8 8 8 8 8 9 9 9 9 9 9 9 9 9 9 10 10 10 10 10 10 10 10 10 10
27
14 35 65 90 56 88 59 93 4 46 54 79 40 62 73 27 15 74 2 13 37 32 77 57 99 41 67
26
10 4 13 90 39 54 41 12 82 87 34 14 11 57 46 5 99 68 2 18 20 32 69 43 71 58
23
98 34 67 12 25 26 11 53 93 92 52 82 8 83 61 65 23 96 31 55 9 79 2
24
59 78 50 73 84 82 56 14 15 77 37 34 100 81 35 60 66 80 9 96 22 40 41 45
23
87 21 98 63 44 58 26 31 76 17 48 37 68 5 36 83 1 46 9 34 45 27 13
21
37 87 53 7 41 2 75 96 22 76 13 1 68 28 78 9 66 99 49 85 54
23
23 37 84 63 77 83 96 99 70 39 38 4 64 61 88 21 76 3 22 25 15 56 17
21
51 12 56 94 32 35 11 9 97 61 76 59 46 95 64 69 40 29 80 68 8
23
58 21 69 63 73 34 50 51 23 9 47 4 10 87 38 71 100 68 60 56 89 45 55
26
100 73 95 83 68 39 23 12 66 48 78 5 38 41 89 21 85 36 74 82 94 99 40 6 31 4
29
73 15 76 92 79 65 47 27 96 45 13 67 98 59 29 90 72 99 30 28 32 16 11 93 2 94 97 5 88
22
23 34 50 53 15 73 52 1 82 16 86 94 40 76 9 41 72 32 31 85 59 70
20
92 45 47 68 2 82 49 77 32 23 5 93 90 9 70 15 13 76 64 28
21
78 67 69 72 95 88 34 100 94 21 57 44 26 18 36 74 80 50 92 91 8
20
9 94 27 41 36 34 3 96 95 68 11 76 21 98 62 10 79 60 65 55
24
1 39 63 77 36 94 18 23 55 28 83 92 16 79 43 14 33 65 75 78 40 34 31 76
29
16 53 39 32 10 2 34 81 99 78 52 14 33 97 6 35 47 49 65 75 17 69 89 96 9 71 76 93 84
21
19 70 85 9 36 98 4 74 79 64 91 22 7 15 55 54 24 18 59 80 20
20
34 12 55 79 24 97 3 89 44 66 25 39 65 8 57 20 70 77 43 84
24
91 32 2 63 58 13 25 30 69 8 20 85 52 97 47 96 100 78 19 74 14 38 1 84
