20 100
1 1 1 1 1 1 1 1 1 1 2 2 2 2 2 2 2 2 2 2 3 3 3 3 3 3 3 3 3 3 4 4 4 4 4 4 4 4 4 4 5 5 5 5 5 5 5 5 5 5 6 6 6 6 6 6 6 6 6 6 7 7 7 7 7 7 7 7 7 7 8 8 8 8 8 8 8 8 8 8 9 9 9 9 9 9 9 9 9 9 10 10 10 10 10 10 10 10 10 10
20
50 15 6 37 2 21 94 26 61 60 20 67 77 4 99 42 63 41 7 19
22
50 70 75 39 99 97 41 83 25 40 42 44 17 49 96 89 11 5 35 88 51 59
26
19 80 11 68 23 42 62 1 3 85 99 65 87 47 30 74 34 39 43 24 73 77 66 89 8 84
25
91 80 45 52 83 6 57 35 4 58 81 18 38 87 51 11 88 31 8 16 79 19 5 42 44
29
23 84 91 89 62 44 8 49 67 83 52 86 47 59 30 73 50 39 69 90 15 42 61 78 94 11 25 77 24
25
13 50 80 85 7 17 68 77 43 39 9 99 64 49 54 55 83 36 47 45 86 27 51 66 59
22
48 91 97 9 45 7 72 93 52 88 43 29 70 19 68 98 76 59 69 65 36 94
21
25 26 1 93 23 55 64 44 7 90 30 73 72 66 58 49 63 5 92 70 56
27
66 47 41 54 61 44 45 82 3 11 26 32 60 63 51 57 34 43 62 23 38 36 50 5 1 16 87
27
97 93 53 28 52 75 87 90 30 58 7 74 81 42 45 44 95 15 21 67 51 96 4 92 69 9 35
27
14 65 4 16 71 91 73 45 7 13 37 48 74 62 68 23 39 53 10 56 99 36 78 88 1 44 38
22
90 62 48 76 18 34 63 68 15 99 5 79 53 27 98 93 14 29 35 96 36 30
28
1 9 5 24 56 10 59 42 26 17 45 64 32 12 4 14 48 15 80 55 61 86 97 65 47 92 19 82
26
5 61 89 36 55 3 43 47 12 93 63 23 85 30 42 4 46 8 21 90 18 34 95 68 41 98
22
49 83 73 2 20 27 96 82 25 1 43 6 68 74 65 84 63 53 79 42 40 78
26
1 75 64 52 12 8 37 23 46 28 56 96 47 16 85 22 94 48 33 63 43 100 84 53 71 14
24
45 10 55 42 88 38 27 41 9 68 37 58 74 82 62 100 43 2 83 73 29 79 36 49
29
47 34 11 49 43 86 35 2 63 41 28 18 31 76 90 81 87 84 42 38 17 59 32 62 4 25 67 39 45
22
66 69 83 55 80 25 48 23 35 99 82 37 34 98 1 89 71 65 92 13 60 14
27
36 97 41 73 34 29 17 28 70 81 31 77 33 71 11 78 3 45 40 90 65 43 42 8 80 12 82
