20 100
1 1 1 1 1 1 1 1 1 1 2 2 2 2 2 2 2 2 2 2 3 3 3 3 3 3 3 3 3 3 4 4 4 4 4 4 4 4 4 4 5 5 5 5 5 5 5 5 5 5 6 6 6 6 6 6 6 6 6 6 7 7 7 7 7 7 7 7 7 7 8 8 8 8 8 8 8 8 8 8 9 9 9 9 9 9 9 9 9 9 10 10 10 10 10 10 10 10 10 10
20
59 84 98 7 38 21 95 79 67 64 92 86 81 90 1 43 48 74 8 82
26
45 59 20 74 33 95 10 4 8 26 79 96 54 39 50 21 94 41 82 80 62 42 52 40 34 58
20
100 94 5 12 34 67 63 33 54 31 69 99 41 39 19 76 30 70 59 40
24
53 19 27 84 58 5 24 39 48 25 77 68 49 50 10 69 92 28 44 97 90 62 64 42
26
90 37 70 80 94 47 82 25 64 30 38 87 3 98 85 8 18 59 31 9 11 50 75 76 67 86
29
48 70 80 91 100 50 14 92 8 98 31 32 30 63 35 74 13 68 23 29 93 78 90 82 28 25 72 49 9
23
30 93 79 5 61 35 11 10 41 94 37 68 74 78 57 24 96 90 60 56 54 92 80
27
3 75 39 52 68 19 42 30 84 59 22 26 83 81 63 82 66 51 13 21 65 32 87 48 20 16 31
20
26 22 21 92 88 49 97 71 30 40 47 25 34 58 2 69 23 72 42 91
29
95 78 85 31 63 81 15 44 29 4 51 22 50 74 57 52 21 12 87 39 5 99 58 40 53 84 11 24 80
26
74 100 13 87 44 38 53 65 15 40 22 66 90 77 31 84 69 96 60 1 72 58 41 21 7 23
28
42 31 38 27 74 54 45 35 100 59 85 81 63 33 88 82 9 56 65 96 61 92 95 64 8 32 97 30
24
67 50 37 59 38 91 79 97 54 13 42 26 76 93 9 69 39 23 40 1 58 10 72 75
24
33 23 81 66 17 1 91 97 10 72 45 85 3 96 38 68 40 55 53 71 27 34 49 57
27
10 13 32 89 96 50 64 4 27 6 94 38 76 88 54 37 5 44 15 16 26 52 18 12 65 95 87
26
87 97 76 96 60 50 81 47 42 56 82 32 67 70 36 8 35 34 18 11 69 13 75 46 85 37
20
49 38 16 39 5 1 100 42 10 48 74 88 78 13 60 96 34 20 62 66
27
49 14 80 73 22 26 20 29 3 94 32 98 70 11 17 31 39 60 35 96 2 27 82 99 46 51 56
29
40 67 51 98 62 99 1 46 89 80 85 81 92 65 33 14 72 52 5 86 42 50 32 44 15 29 35 54 74
22
75 48 93 78 23 70 20 73 24 83 1 85 11 13 45 95 40 84 9 74 49 98
