20 100
1 1 1 1 1 1 1 1 1 1 2 2 2 2 2 2 2 2 2 2 3 3 3 3 3 3 3 3 3 3 4 4 4 4 4 4 4 4 4 4 5 5 5 5 5 5 5 5 5 5 6 6 6 6 6 6 6 6 6 6 7 7 7 7 7 7 7 7 7 7 8 8 8 8 8 8 8 8 8 8 9 9 9 9 9 9 9 9 9 9 10 10 10 10 10 10 10 10 10 10
24
88 63 62 26 44 49 98 83 28 53 9 47 89 37 33 66 5 99 39 48 13 79 97 11
24
15 91 81 48 28 42 3 40 69 55 36 34 88 74 53 31 8 13 84 9 11 21 61 71
21
3 85 7 83 9 37 43 41 66 96 25 47 81 14 68 39 58 18 27 84 93
23
32 81 69 96 44 92 35 71 58 3 60 9 29 11 7 38 86 16 49 70 68 48 59
26
83 3 53 48 84 30 20 38 36 10 4 40 42 23 90 67 54 39 93 18 6 41 86 56 5 11
21
56 1 39 59 88 79 35 98 62 31 58 17 5 47 4 63 92 77 91 55 84
20
14 24 9 95 38 53 76 99 54 83 72 97 20 59 89 19 30 22 93 25
22
74 40 36 64 84 42 7 81 10 20 37 26 12 91 80 52 62 71 55 11 50 5
28
24 51 62 22 8 25 94 27 15 47 54 53 23 78 67 77 12 7 36 85 92 9 96 52 46 57 37 42
26
61 66 65 40 34 18 4 89 17 81 90 14 27 58 64 99 10 9 42 78 15 80 7 47 97 11
26
18 87 9 8 24 56 14 25 20 63 57 16 1 51 62 10 23 31 11 82 45 17 98 6 37 100
23
67 10 99 87 53 97 78 74 83 35 4 29 54 93 22 80 36 11 55 15 76 39 37
28
21 97 23 16 44 93 79 60 92 36 89 42 51 11 22 47 38 25 75 12 9 14 69 58 91 100 41 17
28
44 59 4 15 31 47 2 33 99 96 48 62 72 92 34 77 100 7 20 51 9 25 39 17 28 95 73 57
22
29 56 24 19 87 81 84 94 12 35 60 52 66 11 32 47 100 18 78 70 28 36
27
40 45 63 31 70 46 84 10 87 38 94 22 5 100 73 82 89 16 36 17 21 13 14 69 44 54 33
24
3 42 38 65 94 59 25 87 13 96 32 93 47 73 91 23 8 67 88 72 55 86 45 33
29
42 53 95 23 25 4 99 97 13 31 60 56 14 6 43 98 83 85 36 38 3 50 19 74 40 35 28 70 73
25
9 43 37 58 90 49 34 99 22 67 42 5 91 2 84 60 48 77 19 10 51 14 40 26 47
20
85 38 21 88 34 83 60 20 4 10 25 77 16 74 49 13 23 28 65 7
