20 100
1 1 1 1 1 1 1 1 1 1 2 2 2 2 2 2 2 2 2 2 3 3 3 3 3 3 3 3 3 3 4 4 4 4 4 4 4 4 4 4 5 5 5 5 5 5 5 5 5 5 6 6 6 6 6 6 6 6 6 6 7 7 7 7 7 7 7 7 7 7 8 8 8 8 8 8 8 8 8 8 9 9 9 9 9 9 9 9 9 9 10 10 10 10 10 10 10 10 10 10
22
5 46 95 37 32 48 38 66 72 98 24 94 83 92 96 40 90 39 13 22 6 10
23
84 98 91 65 31 45 38 53 17 18 58 56 24 86 52 4 77 14 92 48 37 99 30
20
17 63 97 36 10 32 53 49 64 31 86 56 81 83 76 57 33 55 16 59
21
18 50 74 49 48 26 99 2 61 75 41 94 87 90 1 42 81 100 14 97 85
27
24 56 63 3 26 89 74 60 14 88 67 90 75 34 79 50 16 11 65 59 30 51 81 20 46 42 94
27
7 94 67 31 36 29 65 86 51 27 53 72 2 95 49 40 100 75 17 44 19 55 16 4 64 15 25
28
83 23 46 87 2 44 100 35 32 63 45 38 54 52 28 16 68 61 56 71 97 99 17 36 37 65 43 96
29
48 81 75 47 30 55 16 54 39 22 72 10 57 59 68 67 32 96 60 83 77 40 63 44 70 65 88 14 12
21
87 45 100 10 61 53 38 26 56 28 34 13 1 18 64 35 33 83 55 8 52
29
86 56 20 14 84 87 4 100 28 13 62 15 75 88 98 76 71 46 1 92 29 58 77 89 63 38 73 27 99
26
48 39 32 7 67 11 59 99 25 90 33 78 100 1 88 95 94 23 20 83 75 21 71 81 85 27
24
92 11 57 24 72 13 25 9 82 40 54 39 16 66 77 30 64 36 27 84 20 70 83 35
27
10 79 65 78 95 41 89 51 81 28 64 6 69 9 100 17 22 72 39 45 21 46 59 52 33 86 58
21
1 72 95 10 3 11 84 68 76 69 36 2 87 47 26 54 23 25 6 71 21
27
32 40 80 34 71 19 36 90 54 7 10 23 12 15 64 55 68 48 2 33 75 53 66 35 25 82 45
21
43 72 87 2 31 81 74 94 54 27 64 20 66 41 79 67 1 80 65 22 25
29
32 11 37 74 2 7 85 43 91 18 19 9 67 45 100 70 44 65 86 80 4 21 76 39 99 12 63 92 55
26
5 87 35 60 32 83 20 52 81 67 39 3 19 33 76 38 97 42 47 6 75 45 40 93 31 13
28
34 6 53 22 81 97 85 74 57 95 19 66 47 70 13 12 55 77 86 98 88 30 68 39 100 78 71 33
22
98 24 48 61 96 87 69 39 33 66 23 51 73 25 88 100 45 93 83 95 20 27
