20 100
1 1 1 1 1 1 1 1 1 1 2 2 2 2 2 2 2 2 2 2 3 3 3 3 3 3 3 3 3 3 4 4 4 4 4 4 4 4 4 4 5 5 5 5 5 5 5 5 5 5 6 6 6 6 6 6 6 6 6 6 7 7 7 7 7 7 7 7 7 7 8 8 8 8 8 8 8 8 8 8 9 9 9 9 9 9 9 9 9 9 10 10 10 10 10 10 10 10 10 10
26
36 3 90 41 65 44 93 22 24 80 29 75 20 63 79 51 95 12 49 86 19 18 100 85 55 16
27
91 68 96 41 46 31 21 50 13 53 49 30 23 73 100 45 27 77 55 80 7 76 61 71 26 85 92
27
47 13 81 98 44 58 52 70 54 15 84 69 86 51 100 56 77 57 46 23 26 31 89 60 93 99 37
26
54 52 40 70 95 5 98 24 82 74 9 94 51 32 85 77 73 68 90 67 53 28 89 38 18 42
20
49 66 11 91 85 38 30 73 34 81 2 17 78 76 3 53 80 22 88 92
20
30 80 96 15 7 75 19 81 4 78 34 53 16 31 88 86 76 1 20 36
22
22 65 61 14 5 94 11 50 99 2 42 23 78 17 43 24 34 79 92 93 57 68
22
36 66 61 62 50 70 14 60 86 48 87 32 94 56 18 12 6 97 2 28 47 91
20
39 86 11 3 6 16 62 2 22 67 93 36 30 85 72 27 98 55 19 91
21
39 29 31 5 60 20 48 45 51 89 40 23 17 99 15 50 70 73 49 46 55
29
62 56 67 9 1 8 27 18 66 24 60 76 46 69 36 80 43 20 40 44 77 89 74 21 3 99 35 83 34
28
47 9 21 54 62 75 58 76 42 15 72 41 27 52 18 53 93 16 77 19 92 30 14 66 43 11 69 68
20
7 82 16 59 6 40 57 13 34 43 47 42 26 22 18 58 68 46 75 31
28
46 72 14 5 98 76 20 81 28 9 23 39 38 57 44 66 50 95 21 52 100 75 4 94 64 78 82 10
27
70 76 93 73 95 16 27 8 64 5 83 45 74 80 42 24 14 20 10 79 94 62 28 90 96 36 59
24
5 8 20 75 95 11 56 42 84 23 89 50 100 40 4 37 79 97 45 86 98 92 72 87
21
12 52 80 89 41 39 60 44 70 86 2 27 61 72 29 18 26 81 11 75 20
26
40 46 94 10 20 33 32 73 16 53 12 99 14 74 87 5 91 65 56 15 13 89 85 59 70 81
20
20 30 68 45 15 63 34 17 69 41 100 74 72 67 73 82 65 61 36 18
29
89 20 73 30 43 85 24 1 64 3 72 69 8 52 76 34 78 70 100 39 71 4 90 31 25 88 47 16 21
