20 100
1 1 1 1 1 1 1 1 1 1 2 2 2 2 2 2 2 2 2 2 3 3 3 3 3 3 3 3 3 3 4 4 4 4 4 4 4 4 4 4 5 5 5 5 5 5 5 5 5 5 6 6 6 6 6 6 6 6 6 6 7 7 7 7 7 7 7 7 7 7 8 8 8 8 8 8 8 8 8 8 9 9 9 9 9 9 9 9 9 9 10 10 10 10 10 10 10 10 10 10
27
90 25 37 14 40 91 43 85 26 27 57 46 92 100 53 73 22 74 38 59 50 80 9 60 76 7 29
26
45 32 26 67 58 42 9 20 69 72 40 81 94 73 87 61 82 18 24 70 13 31 27 2 30 48
26
60 66 44 35 90 98 4 69 88 92 91 72 59 86 11 68 82 84 52 17 57 39 40 77 28 1
28
21 89 30 100 63 31 41 46 99 27 93 77 5 14 78 6 43 76 49 88 9 69 16 25 40 55 15 65
25
83 4 64 48 90 1 30 34 63 12 96 24 9 77 36 14 11 67 29 41 27 79 62 80 37
21
82 84 17 2 50 56 60 43 32 92 18 33 80 3 9 27 57 61 29 65 52
28
9 41 55 64 48 56 39 40 91 4 36 100 15 60 2 90 73 16 92 31 81 61 19 42 66 67 20 83
21
99 13 85 2 27 95 42 84 46 36 38 68 7 76 67 3 4 59 28 86 71
25
4 51 49 18 85 71 17 57 35 59 30 98 24 9 100 32 97 72 84 89 54 81 83 19 42
21
34 75 9 43 73 24 32 21 30 70 64 89 74 87 77 71 81 98 3 56 13
21
38 25 69 50 12 57 23 91 97 3 18 13 42 90 47 86 45 96 44 76 43
24
58 30 78 29 54 36 70 21 66 62 10 80 89 55 17 46 28 93 100 56 52 87 33 64
27
90 64 98 35 2 34 69 53 54 32 46 22 87 30 63 23 19 9 7 94 41 76 40 24 45 44 4
24
42 88 43 9 89 99 13 75 56 86 40 63 12 5 47 100 33 53 2 28 78 69 21 35
25
89 85 95 44 43 20 42 50 25 37 34 84 100 38 93 63 16 40 12 53 5 31 27 57 45
21
79 66 54 57 51 48 2 5 32 70 85 60 12 19 67 72 86 74 81 53 97
27
11 74 31 88 77 83 93 94 38 52 54 90 37 34 84 69 8 9 100 64 21 61 30 22 71 91 33
25
18 67 74 2 31 60 34 63 22 30 20 3 9 56 69 53 76 26 84 82 39 36 62 64 90
21
51 85 80 52 12 48 88 66 79 62 47 87 41 25 64 56 76 81 38 59 78
20
96 89 33 9 8 57 27 79 81 75 16 14 84 51 56 28 54 3 34 65
