20 100
1 1 1 1 1 1 1 1 1 1 2 2 2 2 2 2 2 2 2 2 3 3 3 3 3 3 3 3 3 3 4 4 4 4 4 4 4 4 4 4 5 5 5 5 5 5 5 5 5 5 6 6 6 6 6 6 6 6 6 6 7 7 7 7 7 7 7 7 7 7 8 8 8 8 8 8 8 8 8 8 9 9 9 9 9 9 9 9 9 9 10 10 10 10 10 10 10 10 10 10
26
49 72 94 51 78 89 98 67 66 73 18 50 42 74 28 53 68 99 96 8 2 100 23 29 88 13
28
87 28 68 31 9 80 100 56 7 71 47 83 64 17 37 10 79 27 89 60 38 81 65 63 84 50 72 40
20
48 69 90 62 42 86 46 8 9 74 94 77 18 78 100 80 84 11 66 54
25
28 44 49 89 83 25 40 85 51 27 55 73 100 3 94 14 77 21 22 87 23 78 90 64 26
29
71 46 55 15 9 4 37 90 52 50 40 96 82 67 29 43 42 69 80 13 10 72 47 75 77 24 89 56 83
26
52 59 99 1 57 32 71 96 13 8 77 91 79 30 78 95 49 48 9 50 87 80 47 51 18 86
21
4 91 83 9 96 49 98 5 34 16 35 23 57 71 90 54 15 7 14 43 79
28
15 30 63 18 94 34 45 13 20 1 55 77 22 54 88 99 49 32 16 27 14 25 36 67 23 8 57 81
24
52 67 94 19 50 17 40 31 1 29 55 18 87 82 5 89 43 68 24 6 12 59 38 51
28
71 85 7 81 34 23 9 14 46 33 15 56 38 51 42 68 87 16 57 26 69 27 5 44 40 39 4 55
21
98 49 20 73 7 61 60 69 16 32 38 78 29 80 96 59 63 97 57 18 34
26
56 68 34 36 50 65 57 60 73 61 2 47 95 32 15 45 35 72 88 78 74 62 52 64 16 86
25
66 12 54 18 11 26 96 60 42 13 84 78 87 43 35 59 6 44 65 7 58 85 30 93 75
29
58 52 89 49 82 92 48 20 40 55 42 79 73 33 10 44 17 51 14 56 12 8 83 59 87 97 64 68 37
29
3 41 18 56 50 40 24 47 72 89 13 71 63 39 84 10 8 91 51 11 87 80 98 53 19 1 26 31 62
20
77 79 28 53 51 71 78 37 73 27 15 1 66 97 91 31 69 10 12 61
29
66 29 88 23 31 69 18 1 91 98 100 83 81 93 36 11 74 3 37 48 13 15 44 72 76 80 25 39 84
21
63 39 10 79 99 81 38 34 98 51 6 49 85 19 20 40 31 65 4 27 93
23
67 88 59 14 11 42 70 45 49 30 31 43 4 71 87 89 63 10 75 60 79 48 32
27
56 83 99 91 63 44 88 92 19 68 42 77 26 9 1 6 93 29 55 89 38 20 40 85 62 86 98
