20 100
1 1 1 1 1 1 1 1 1 1 2 2 2 2 2 2 2 2 2 2 3 3 3 3 3 3 3 3 3 3 4 4 4 4 4 4 4 4 4 4 5 5 5 5 5 5 5 5 5 5 6 6 6 6 6 6 6 6 6 6 7 7 7 7 7 7 7 7 7 7 8 8 8 8 8 8 8 8 8 8 9 9 9 9 9 9 9 9 9 9 10 10 10 10 10 10 10 10 10 10
29
56 22 30 53 34 87 97 55 79 39 4 95 44 66 14 52 28 75 58 6 12 42 91 71 41 47 72 61 74
23
21 85 80 81 1 27 38 7 22 84 94 47 14 75 79 91 37 55 60 46 3 45 83
22
4 3 32 18 80 13 60 96 44 38 87 79 69 33 98 36 27 41 26 5 54 7
25
93 80 100 72 89 35 74 19 1 38 43 55 46 41 34 25 84 86 91 92 9 37 20 42 12
27
68 50 54 79 14 87 58 69 44 71 42 78 97 98 53 92 11 77 15 24 25 66 41 73 76 8 29
21
43 95 63 91 40 98 34 72 76 47 57 45 80 6 4 81 7 21 2 93 71
20
73 52 88 67 5 37 14 10 1 77 71 29 87 50 38 11 90 35 83 30
22
84 2 13 66 28 44 87 32 3 30 52 55 37 86 98 42 10 99 65 89 39 68
20
1 80 73 95 31 3 41 34 56 14 18 7 78 43 46 76 40 72 94 15
28
47 22 66 61 6 72 95 44 12 58 71 34 26 86 43 17 2 1 40 36 30 8 5 82 62 38 60 79
21
12 40 29 95 17 32 51 88 35 80 85 6 1 84 68 26 62 9 70 41 75
28
3 43 72 36 67 91 64 95 30 77 9 52 58 85 62 59 90 87 100 54 57 24 48 92 70 60 65 2
25
90 81 61 40 99 4 69 76 78 50 2 92 54 8 72 38 44 88 96 39 94 20 97 51 36
26
60 6 83 72 9 95 56 84 80 22 47 70 67 10 50 1 82 64 75 48 46 20 33 42 24 54
23
52 82 77 68 90 26 50 55 71 48 92 7 15 58 33 45 36 89 63 46 35 65 16
27
1 34 50 98 84 15 77 47 96 52 76 70 8 20 79 5 67 28 21 71 58 88 6 68 57 3 62
27
70 7 41 40 72 25 69 75 29 31 88 52 78 95 87 26 9 30 73 100 81 62 59 16 79 10 17
21
44 6 88 23 10 95 71 53 45 32 41 76 73 28 92 62 65 8 57 40 68
24
75 97 49 39 4 72 71 98 2 73 3 86 31 59 26 19 23 96 66 36 92 67 61 65
21
94 12 43 58 86 16 42 22 49 1 17 67 45 14 75 15 31 39 76 65 68
