20 100
1 1 1 1 1 1 1 1 1 1 2 2 2 2 2 2 2 2 2 2 3 3 3 3 3 3 3 3 3 3 4 4 4 4 4 4 4 4 4 4 5 5 5 5 5 5 5 5 5 5 6 6 6 6 6 6 6 6 6 6 7 7 7 7 7 7 7 7 7 7 8 8 8 8 8 8 8 8 8 8 9 9 9 9 9 9 9 9 9 9 10 10 10 10 10 10 10 10 10 10
25
60 59 68 91 82 31 14 33 18 38 47 43 49 83 65 23 7 48 41 35 55 9 25 72 39
26
12 21 13 20 91 52 89 4 63 23 31 46 7 85 51 26 95 43 72 19 49 59 98 42 70 24
27
42 13 91 54 4 80 94 26 19 71 37 69 36 73 50 5 10 47 25 81 33 97 86 1 15 66 99
21
1 23 28 3 80 20 81 51 66 52 53 18 68 31 22 76 15 93 89 85 39
21
11 68 86 24 92 58 43 76 31 63 30 7 81 54 65 13 23 88 83 93 61
22
31 84 37 61 96 32 62 15 88 14 83 8 95 53 89 44 79 11 36 66 65 30
20
93 48 90 17 20 33 60 73 83 31 94 82 6 19 12 92 81 84 77 91
24
22 72 1 45 59 53 24 29 43 16 86 10 87 20 99 68 19 18 31 74 41 6 11 14
25
9 42 24 38 74 93 7 3 20 56 70 51 26 53 48 97 67 84 14 11 47 88 85 50 29
22
94 14 27 9 96 13 48 86 12 77 79 98 17 72 44 90 76 18 22 3 38 81
23
74 88 90 62 28 46 59 77 52 73 31 68 75 71 27 76 16 66 100 94 79 26 47
20
45 17 62 78 87 91 50 54 24 39 23 37 22 33 36 70 68 42 9 12
23
89 97 80 63 98 51 1 73 94 93 28 10 7 95 23 20 2 77 85 88 83 65 56
20
51 79 80 17 83 86 66 68 53 63 1 12 52 27 98 35 33 28 50 32
20
58 47 30 17 33 75 49 59 35 57 41 82 97 37 42 69 95 29 92 99
27
9 52 60 47 84 82 44 35 15 32 10 45 3 17 49 87 56 57 33 38 81 75 78 27 24 36 66
22
86 2 39 27 12 45 100 43 81 16 25 90 49 62 13 98 51 72 65 47 95 19
21
19 86 97 52 16 60 92 100 53 74 27 24 90 80 22 35 37 95 73 77 62
28
26 65 19 27 21 79 40 14 41 10 33 12 11 58 15 13 55 18 9 43 92 89 76 93 63 54 83 4
25
84 85 57 40 99 1 91 35 87 36 60 16 48 54 33 18 44 5 11 45 42 43 94 56 92
