20 100
1 1 1 1 1 1 1 1 1 1 2 2 2 2 2 2 2 2 2 2 3 3 3 3 3 3 3 3 3 3 4 4 4 4 4 4 4 4 4 4 5 5 5 5 5 5 5 5 5 5 6 6 6 6 6 6 6 6 6 6 7 7 7 7 7 7 7 7 7 7 8 8 8 8 8 8 8 8 8 8 9 9 9 9 9 9 9 9 9 9 10 10 10 10 10 10 10 10 10 10
29
75 40 92 38 100 59 64 19 78 42 34 53 3 47 27 63 56 23 22 69 51 11 93 87 7 48 90 96 28
20
13 84 15 75 64 7 97 91 95 5 74 19 89 69 38 17 78 63 40 50
20
6 40 80 11 73 3 88 14 93 81 57 21 89 91 61 68 85 8 52 65
21
92 32 50 3 70 6 34 29 72 68 8 27 5 88 41 2 66 73 86 16 89
29
9 28 62 47 76 15 92 36 67 56 70 10 99 51 90 72 83 77 79 44 69 16 82 39 2 66 8 48 54
23
36 35 16 14 41 5 31 47 83 93 72 40 60 30 39 51 18 85 88 75 32 90 20
27
45 44 48 67 29 28 66 50 12 88 77 70 42 35 47 13 80 30 4 38 54 34 27 78 89 8 7
28
38 94 5 34 30 64 4 23 74 96 53 81 83 67 55 43 58 18 85 9 14 8 90 39 72 56 6 41
20
13 31 60 19 77 2 20 53 97 30 49 22 81 48 12 17 21 29 57 63
20
33 28 54 43 6 80 18 94 36 50 81 38 74 85 83 52 63 99 77 44
22
25 31 29 93 10 35 23 44 5 55 53 89 50 68 43 61 2 87 63 54 27 77
28
81 22 44 36 86 48 26 73 53 82 79 97 88 52 93 90 96 2 61 16 55 47 33 100 85 63 17 30
27
10 42 69 9 64 95 90 71 39 85 91 98 45 84 57 26 13 65 80 75 35 44 60 4 17 97 99
28
14 53 57 62 69 60 86 75 99 58 43 31 92 8 97 11 37 77 88 61 7 26 98 55 33 95 20 12
23
95 82 77 6 72 87 56 25 51 100 63 49 46 29 27 19 31 30 96 93 62 60 15
21
5 28 69 83 35 90 50 64 40 3 18 95 49 12 20 37 13 51 19 98 78
24
72 82 73 11 39 67 49 44 75 9 74 58 29 86 50 68 76 88 14 62 47 99 70 93
28
85 54 46 51 8 63 92 100 80 56 23 48 17 60 32 91 82 26 66 40 39 18 25 77 33 24 98 94
26
62 17 84 68 76 16 92 64 87 77 44 94 1 49 14 4 36 33 100 97 28 42 6 40 19 71
23
42 88 60 79 87 37 83 21 9 46 98 17 12 45 33 19 2 38 93 11 15 44 28
