20 100
1 1 1 1 1 1 1 1 1 1 2 2 2 2 2 2 2 2 2 2 3 3 3 3 3 3 3 3 3 3 4 4 4 4 4 4 4 4 4 4 5 5 5 5 5 5 5 5 5 5 6 6 6 6 6 6 6 6 6 6 7 7 7 7 7 7 7 7 7 7 8 8 8 8 8 8 8 8 8 8 9 9 9 9 9 9 9 9 9 9 10 10 10 10 10 10 10 10 10 10
28
81 54 39 32 59 95 91 41 56 30 48 5 15 42 92 4 7 88 49 18 66 36 71 1 53 45 78 80
26
47 33 94 17 14 23 84 44 32 63 21 85 30 4 72 67 66 36 64 89 55 79 6 28 16 42
25
62 97 35 87 70 50 83 84 2 94 93 25 45 54 98 82 36 49 1 18 59 23 57 69 67
24
67 26 24 33 27 13 89 92 88 17 75 14 93 59 35 39 6 50 21 86 84 69 63 22
25
90 94 27 22 25 79 66 4 54 43 76 63 49 19 7 85 93 58 32 46 17 24 21 98 36
28
54 17 15 73 18 32 4 92 85 23 48 75 78 19 56 10 24 2 41 89 100 59 76 91 33 77 68 1
27
4 76 21 18 92 57 45 91 19 33 78 94 38 53 50 97 74 39 61 63 81 58 95 75 25 35 90
22
38 85 36 76 67 64 98 47 9 49 87 19 54 37 56 20 99 60 93 80 21 7
27
70 49 97 1 54 47 46 10 59 15 94 83 43 23 51 14 20 48 93 40 13 33 6 71 16 92 81
21
18 89 76 75 38 15 8 11 17 52 82 58 74 39 99 13 84 50 70 3 78
23
21 83 15 96 64 40 36 4 12 19 20 13 94 59 49 50 10 100 63 65 37 31 69
22
86 59 87 1 63 49 53 65 88 31 52 75 76 94 13 46 27 82 35 72 17 32
29
51 17 23 9 61 12 54 19 92 4 13 39 95 63 33 41 99 50 1 18 64 91 72 62 10 21 94 5 6
24
43 41 97 56 66 29 84 46 35 23 90 82 87 45 37 27 12 21 7 59 60 17 40 30
29
74 64 99 6 62 50 43 9 35 85 19 65 10 54 36 79 73 39 66 32 48 92 67 51 61 34 69 87 44
23
69 53 84 63 17 88 7 35 82 96 72 78 68 23 40 57 87 55 74 60 42 16 64
23
7 78 35 55 43 23 6 81 97 26 22 38 71 8 61 28 82 52 98 29 56 83 33
20
95 17 94 100 19 76 83 3 46 54 78 11 10 39 27 18 73 69 16 36
21
4 1 59 14 51 10 81 12 42 54 57 28 6 32 79 21 27 55 52 94 47
21
21 100 20 93 98 38 25 34 41 19 31 33 90 46 45 65 83 56 3 29 62
