20 100
1 1 1 1 1 1 1 1 1 1 2 2 2 2 2 2 2 2 2 2 3 3 3 3 3 3 3 3 3 3 4 4 4 4 4 4 4 4 4 4 5 5 5 5 5 5 5 5 5 5 6 6 6 6 6 6 6 6 6 6 7 7 7 7 7 7 7 7 7 7 8 8 8 8 8 8 8 8 8 8 9 9 9 9 9 9 9 9 9 9 10 10 10 10 10 10 10 10 10 10
20
8 16 13 10 1 68 93 69 52 65 96 59 19 34 31 30 48 77 90 15
22
98 68 14 12 94 25 30 6 100 11 90 31 89 45 36 18 26 49 95 82 54 81
27
98 90 24 96 71 45 46 17 22 47 8 20 23 64 78 6 28 52 59 26 12 67 69 11 68 95 58
22
16 53 15 69 62 95 34 18 35 72 73 79 43 65 59 19 7 10 49 68 29 57
24
89 87 30 96 19 14 79 40 76 52 10 55 35 70 28 21 75 71 45 25 51 44 54 82
28
8 34 63 30 47 61 45 40 57 6 79 93 42 97 26 27 29 96 46 58 17 66 62 74 80 99 70 14
27
54 79 96 95 61 82 93 57 30 83 27 21 74 100 89 87 67 31 29 39 12 11 10 55 28 86 72
20
47 46 49 88 54 81 30 17 21 61 84 32 69 11 63 73 39 96 98 60
27
11 99 59 47 43 70 41 15 86 44 39 14 79 29 69 33 75 18 45 37 72 62 80 82 52 90 76
24
71 24 98 28 58 42 65 34 7 9 14 12 20 25 13 18 60 36 94 79 15 47 89 77
21
44 22 59 43 74 19 85 46 82 38 89 73 54 17 10 3 1 12 4 78 30
26
64 77 46 23 86 43 70 93 100 74 28 63 67 75 65 42 52 87 73 79 91 18 34 60 27 84
24
70 87 84 4 29 17 60 28 23 10 67 27 89 50 43 52 96 35 45 76 11 61 97 31
28
72 26 100 75 11 20 79 70 68 82 83 2 60 99 54 66 56 32 4 55 8 10 90 65 40 85 69 36
20
71 67 80 62 73 44 32 86 99 28 77 15 54 17 43 87 72 21 20 47
22
15 52 27 73 19 7 74 47 20 28 50 69 91 41 82 24 79 65 63 45 13 29
23
47 45 70 89 26 72 99 97 29 43 23 9 13 25 52 66 39 19 67 16 8 71 38
23
4 46 72 23 20 19 34 27 32 82 87 47 6 100 14 33 67 86 25 42 63 71 24
29
94 96 73 29 41 9 23 49 48 98 52 55 3 27 71 40 8 78 36 59 25 17 53 93 54 28 68 99 72
21
51 66 72 25 67 57 42 78 54 39 45 32 63 31 7 91 26 40 14 34 83
