20 100
1 1 1 1 1 1 1 1 1 1 2 2 2 2 2 2 2 2 2 2 3 3 3 3 3 3 3 3 3 3 4 4 4 4 4 4 4 4 4 4 5 5 5 5 5 5 5 5 5 5 6 6 6 6 6 6 6 6 6 6 7 7 7 7 7 7 7 7 7 7 8 8 8 8 8 8 8 8 8 8 9 9 9 9 9 9 9 9 9 9 10 10 10 10 10 10 10 10 10 10
26
89 98 48 3 24 19 54 8 81 37 28 46 75 59 69 43 25 99 14 26 38 79 78 40 82 58
25
21 79 59 8 97 20 2 42 63 72 70 39 90 47 85 45 54 28 56 3 76 98 87 66 62
20
91 44 30 85 32 80 97 60 34 13 27 51 98 90 36 77 82 24 58 74
20
40 55 73 42 37 93 99 58 82 18 51 98 29 24 100 83 15 36 21 22
25
25 9 58 1 38 39 2 90 27 34 10 20 40 80 64 21 19 79 24 77 69 93 60 96 29
25
83 63 72 89 38 34 71 44 40 45 24 80 21 60 28 55 88 66 20 68 91 46 29 23 54
20
45 64 30 81 26 23 35 48 56 72 39 51 5 69 79 31 9 46 33 98
25
44 19 4 16 24 51 39 48 42 1 30 72 96 11 36 95 86 38 60 15 23 67 89 50 49
22
28 12 69 7 54 14 57 43 36 49 60 73 13 15 10 3 79 68 76 40 97 100
29
4 52 57 33 97 22 74 8 23 58 41 72 1 100 32 37 16 43 45 9 56 27 17 20 64 93 13 86 47
29
63 9 47 57 99 80 66 24 62 39 73 37 59 79 3 58 42 83 1 78 13 21 86 96 7 82 88 34 11
20
36 96 7 88 58 13 73 35 68 11 20 62 31 44 27 54 48 14 16 100
27
51 57 70 63 35 26 50 86 9 7 82 39 32 73 19 98 48 83 23 68 67 27 34 87 94 78 53
25
91 1 31 92 70 25 47 78 53 5 63 4 19 74 69 85 84 38 80 52 73 12 40 29 66
21
66 89 4 77 31 98 8 3 44 52 32 23 16 90 25 39 5 18 93 12 65
21
60 71 26 35 61 15 83 44 91 38 89 59 48 77 98 92 72 34 56 16 10
24
48 4 16 82 87 15 9 18 61 62 33 68 83 49 66 58 3 75 17 38 52 30 23 78
20
78 25 71 74 23 58 54 8 9 61 76 41 64 39 93 26 88 5 87 22
21
86 98 34 10 39 91 8 54 37 49 23 48 93 75 76 4 60 44 47 68 85
28
57 84 28 39 41 67 21 65 30 1 66 18 60 95 17 63 53 15 32 69 31 36 35 55 6 26 77 22
