20 100
1 1 1 1 1 1 1 1 1 1 2 2 2 2 2 2 2 2 2 2 3 3 3 3 3 3 3 3 3 3 4 4 4 4 4 4 4 4 4 4 5 5 5 5 5 5 5 5 5 5 6 6 6 6 6 6 6 6 6 6 7 7 7 7 7 7 7 7 7 7 8 8 8 8 8 8 8 8 8 8 9 9 9 9 9 9 9 9 9 9 10 10 10 10 10 10 10 10 10 10
20
41 57 82 74 6 28 5 56 54 55 70 67 77 93 78 32 51 53 43 62
27
88 48 46 89 98 62 42 76 75 85 13 53 68 72 70 2 93 30 34 87 100 83 71 80 95 25 79
27
100 19 94 15 24 49 65 40 55 45 30 60 36 26 93 86 83 78 95 73 71 14 13 72 85 10 5
25
79 41 77 71 14 73 34 54 19 9 58 59 43 78 98 94 36 66 75 65 33 48 13 91 68
20
47 91 15 95 83 17 21 28 41 7 82 81 74 78 62 34 90 9 51 26
21
57 92 32 29 5 24 84 80 40 100 34 42 14 89 63 20 1 79 70 90 48
26
55 2 53 80 30 52 28 51 34 64 14 90 69 21 19 82 24 83 33 89 68 79 99 96 45 32
28
61 30 44 52 21 74 81 91 15 71 25 34 50 6 49 17 54 65 95 89 45 46 39 19 43 9 38 48
22
43 92 11 79 97 16 26 36 66 29 21 76 17 91 13 49 65 60 7 62 47 41
25
28 39 70 26 76 94 15 37 7 51 73 47 54 27 11 43 100 48 34 42 35 4 58 13 23
22
41 70 88 40 60 26 95 96 97 12 62 33 50 43 75 1 8 42 92 100 49 85
26
48 33 21 41 19 69 72 96 24 95 79 46 29 22 55 2 83 58 3 97 15 50 26 11 54 23
23
42 39 86 90 60 73 43 4 44 97 10 32 81 98 62 26 100 46 88 55 11 92 71
21
81 32 34 29 70 15 35 69 3 62 67 90 92 7 68 30 16 8 52 83 40
26
9 2 10 33 70 51 71 50 16 76 83 39 94 58 36 65 92 79 69 87 91 12 26 84 77 98
27
25 5 40 92 43 77 33 100 12 39 42 71 68 73 53 28 58 17 50 79 62 24 26 29 76 95 98
22
87 89 47 63 70 3 9 74 97 25 11 7 61 13 14 59 23 95 64 55 37 36
21
41 6 4 77 91 69 25 83 78 93 7 12 33 54 50 73 68 22 90 42 87
22
100 83 92 8 73 29 45 94 81 76 37 60 31 11 88 25 18 57 36 62 52 77
21
85 84 83 68 76 80 97 46 11 75 58 8 29 71 100 92 66 14 32 91 12
