20 100
1 1 1 1 1 1 1 1 1 1 2 2 2 2 2 2 2 2 2 2 3 3 3 3 3 3 3 3 3 3 4 4 4 4 4 4 4 4 4 4 5 5 5 5 5 5 5 5 5 5 6 6 6 6 6 6 6 6 6 6 7 7 7 7 7 7 7 7 7 7 8 8 8 8 8 8 8 8 8 8 9 9 9 9 9 9 9 9 9 9 10 10 10 10 10 10 10 10 10 10
25
21 66 20 95 86 26 79 27 41 87 38 36 13 92 53 2 46 39 69 8 84 25 3 76 22
29
47 28 95 97 80 31 76 73 72 45 68 52 58 29 50 1 30 21 74 66 79 42 77 24 40 5 53 71 3
28
20 34 24 26 69 7 2 32 49 18 89 70 22 85 62 74 31 38 19 30 17 11 66 61 99 9 46 96
27
44 18 13 59 87 57 75 80 85 11 15 82 39 93 12 38 88 24 16 61 8 91 32 30 49 20 35
21
75 61 88 46 25 6 26 35 86 34 57 54 99 80 70 31 29 40 49 55 72
22
2 68 13 58 73 80 22 19 76 98 6 48 38 5 7 64 36 29 78 84 27 42
25
64 47 58 96 49 13 24 89 79 45 90 98 85 53 63 18 42 67 99 25 55 7 70 76 5
21
30 47 92 60 14 55 85 46 82 98 95 93 74 22 38 80 4 65 67 2 84
22
6 25 81 61 37 7 68 19 8 40 85 52 58 42 39 48 71 33 75 96 2 79
23
81 77 8 23 59 42 54 70 53 22 76 62 26 41 80 11 33 67 91 5 30 69 36
26
21 64 22 81 3 100 31 86 39 18 2 24 77 66 94 11 9 50 85 30 80 46 29 13 92 72
21
7 26 52 56 12 48 64 62 32 19 30 31 83 59 8 61 6 88 43 100 74
27
56 34 46 19 47 51 90 40 48 71 79 94 35 83 70 15 23 52 95 3 30 62 78 84 10 53 63
20
20 31 64 59 40 1 78 37 57 74 72 17 3 43 33 19 75 52 24 36
22
69 26 20 7 67 41 72 15 12 10 33 27 88 42 68 99 51 17 44 71 91 14
26
73 51 40 6 9 65 29 16 94 8 93 13 61 26 78 25 58 21 74 80 39 91 35 86 55 69
29
85 93 24 37 75 36 71 32 95 11 34 51 49 40 83 97 15 62 26 22 52 84 31 28 74 45 17 87 30
24
86 9 65 55 21 51 57 68 72 66 16 99 18 94 87 40 48 88 44 90 97 29 76 5
28
25 31 34 60 38 97 45 92 8 51 3 89 33 82 13 59 76 57 50 83 44 1 49 2 77 35 11 85
22
45 70 54 71 26 73 17 68 84 11 60 21 97 16 48 47 5 64 53 69 7 79
