20 100
1 1 1 1 1 1 1 1 1 1 2 2 2 2 2 2 2 2 2 2 3 3 3 3 3 3 3 3 3 3 4 4 4 4 4 4 4 4 4 4 5 5 5 5 5 5 5 5 5 5 6 6 6 6 6 6 6 6 6 6 7 7 7 7 7 7 7 7 7 7 8 8 8 8 8 8 8 8 8 8 9 9 9 9 9 9 9 9 9 9 10 10 10 10 10 10 10 10 10 10
23
17 36 27 78 57 38 7 40 95 99 93 21 77 26 85 48 75 35 19 100 52 92 20
23
8 10 1 9 45 59 53 99 84 33 35 34 91 64 48 41 29 14 69 43 73 38 98
20
66 54 58 45 24 62 51 26 13 31 8 30 59 82 81 99 35 3 38 60
22
41 96 18 13 9 61 69 81 49 84 55 68 47 6 26 98 65 28 19 50 89 51
29
89 74 19 7 33 75 40 72 43 30 84 64 91 29 32 48 79 93 54 97 34 31 2 26 88 57 28 85 3
29
6 9 46 13 88 1 60 17 26 38 11 85 18 68 45 53 59 55 44 10 93 91 87 66 84 90 48 77 64
22
42 22 25 99 32 57 45 47 34 52 40 38 3 90 63 97 20 69 76 95 30 89
27
19 68 60 64 52 81 56 26 25 38 94 58 17 85 82 91 76 49 44 39 21 1 15 34 71 48 37
29
34 70 19 31 78 87 23 7 6 42 84 3 35 26 95 16 60 30 99 17 72 85 45 50 25 37 90 4 79
29
66 31 76 95 13 34 5 9 22 14 83 30 54 21 94 97 56 73 25 3 80 72 26 91 55 15 84 6 81
29
74 36 73 39 8 61 90 84 92 67 70 51 71 63 49 68 19 97 9 26 12 64 42 21 56 99 66 86 85
20
19 65 93 23 96 82 78 64 46 1 3 55 4 56 57 62 69 98 30 84
24
72 51 1 63 46 71 35 74 54 99 30 34 15 60 93 91 4 7 50 44 100 86 80 13
21
11 58 71 48 35 64 61 87 28 40 82 1 5 69 94 96 44 21 25 19 29
25
12 34 29 39 88 2 1 62 57 84 58 37 24 48 38 64 99 98 20 93 14 80 79 66 70
21
98 57 42 14 44 84 89 78 52 26 19 37 25 8 1 53 27 13 32 96 85
25
50 14 93 68 36 12 61 17 21 15 7 98 19 66 30 4 60 95 53 89 80 96 5 83 45
24
80 11 47 83 16 53 4 64 27 40 17 99 59 39 30 28 85 82 94 92 75 46 55 13
25
34 15 89 24 84 21 39 5 59 35 76 27 12 62 49 13 72 10 92 70 6 94 14 1 19
24
89 67 49 75 95 51 40 18 30 7 78 47 71 2 16 26 81 41 27 54 38 99 88 28
