20 100
1 1 1 1 1 1 1 1 1 1 2 2 2 2 2 2 2 2 2 2 3 3 3 3 3 3 3 3 3 3 4 4 4 4 4 4 4 4 4 4 5 5 5 5 5 5 5 5 5 5 6 6 6 6 6 6 6 6 6 6 7 7 7 7 7 7 7 7 7 7 8 8 8 8 8 8 8 8 8 8 9 9 9 9 9 9 9 9 9 9 10 10 10 10 10 10 10 10 10 10
26
65 14 25 59 31 8 4 97 94 51 64 12 35 73 3 71 13 1 87 77 48 7 47 36 75 46
25
85 28 100 70 57 55 58 90 63 84 54 31 14 33 91 22 68 40 99 12 4 38 92 25 97
28
50 63 34 28 82 66 67 92 54 38 39 95 12 76 16 77 6 26 20 60 13 79 1 32 5 46 3 7
28
100 28 33 19 92 16 32 24 43 93 52 9 61 82 2 68 8 35 17 94 6 64 30 15 3 18 60 20
27
40 10 21 99 1 91 89 54 66 27 25 61 74 98 38 90 56 73 30 77 32 43 15 53 44 68 28
23
77 99 43 10 15 81 8 70 37 72 27 2 38 42 88 29 65 16 30 26 91 94 59
27
72 8 94 97 86 1 22 52 40 60 92 64 45 34 89 14 82 85 18 6 36 11 74 53 20 65 28
23
70 91 81 46 85 58 19 84 92 7 55 69 18 32 28 99 38 2 79 1 13 24 59
26
37 94 50 89 4 12 49 18 91 43 60 86 57 6 17 85 20 66 84 34 93 68 72 96 48 76
23
16 33 37 22 31 90 92 7 70 78 68 9 63 74 20 23 79 72 44 47 53 14 91
22
75 65 69 35 7 98 23 77 4 44 56 36 43 85 79 9 82 92 94 89 97 42
27
49 35 51 65 75 11 25 78 36 21 90 46 20 82 57 18 8 50 96 69 85 60 41 27 77 6 67
26
92 39 1 9 90 20 10 85 61 16 4 81 60 25 56 47 82 78 32 87 58 6 100 70 55 86
25
63 62 76 90 84 67 19 41 13 2 53 45 47 25 61 49 86 28 73 74 48 6 54 89 10
25
12 56 78 42 18 38 71 83 5 59 98 62 69 41 22 79 29 21 58 25 17 27 74 99 32
25
81 28 79 65 75 91 67 12 34 55 66 49 32 45 88 1 10 57 3 26 20 54 70 59 93
29
72 44 8 65 80 64 82 69 48 6 93 4 78 41 24 29 70 55 67 12 14 36 30 37 63 46 74 89 1
26
16 83 57 4 87 2 90 69 14 33 62 21 47 93 24 59 46 38 100 95 98 84 30 64 54 66
23
99 15 2 68 43 44 40 17 53 3 88 22 65 78 63 12 73 66 5 85 13 64 80
26
46 92 58 51 12 62 38 15 4 86 54 77 34 64 30 75 28 99 72 81 18 31 89 82 84 24
