20 100
1 1 1 1 1 1 1 1 1 1 2 2 2 2 2 2 2 2 2 2 3 3 3 3 3 3 3 3 3 3 4 4 4 4 4 4 4 4 4 4 5 5 5 5 5 5 5 5 5 5 6 6 6 6 6 6 6 6 6 6 7 7 7 7 7 7 7 7 7 7 8 8 8 8 8 8 8 8 8 8 9 9 9 9 9 9 9 9 9 9 10 10 10 10 10 10 10 10 10 10
24
27 67 87 63 61 14 47 48 10 57 55 3 76 98 85 80 66 82 20 42 41 88 100 75
26
52 79 26 13 15 27 80 70 6 68 59 1 39 90 92 45 65 85 2 81 60 51 30 89 42 44
22
81 83 60 13 37 57 12 41 23 16 64 24 54 22 3 82 43 66 56 76 28 80
26
72 43 19 36 56 68 73 53 9 8 69 39 7 74 1 70 4 31 81 80 49 51 84 27 76 24
22
41 78 34 12 40 81 62 60 43 15 7 49 96 87 38 56 77 63 20 100 25 35
21
98 31 86 74 15 43 26 52 44 88 61 34 95 71 10 49 76 29 65 75 79
24
84 98 56 45 39 48 26 46 5 36 4 61 52 86 27 95 87 1 55 25 69 18 83 41
27
29 98 82 79 78 4 74 50 9 87 56 70 21 75 31 58 53 8 73 20 67 16 91 17 6 72 28
27
82 93 78 73 98 90 77 13 5 97 6 72 63 87 58 56 49 50 29 55 32 11 21 48 4 28 96
21
2 45 54 73 81 7 37 86 78 31 24 71 19 55 12 40 62 96 5 11 67
23
12 89 22 77 41 95 61 74 14 75 2 87 80 7 18 36 84 76 57 9 88 56 47
23
93 27 46 45 37 39 92 6 55 68 34 47 38 52 36 35 81 85 41 44 98 58 24
28
29 27 40 72 99 25 22 62 61 7 8 58 43 51 100 38 91 41 76 84 23 24 9 68 32 98 79 82
29
85 8 78 14 87 52 91 21 22 77 95 70 42 32 81 17 47 53 73 26 20 60 37 7 75 97 64 86 80
24
37 64 67 45 91 98 22 48 50 5 49 65 92 13 29 8 86 71 77 3 63 73 28 2
23
24 18 68 23 58 66 22 44 12 61 55 64 15 11 73 77 51 39 63 99 65 78 19
25
89 72 71 16 85 17 5 64 26 37 15 53 24 35 36 98 50 69 100 9 61 59 11 95 39
27
42 90 28 73 84 65 98 45 60 5 7 20 80 16 17 8 78 51 70 4 96 48 72 89 26 100 81
25
64 41 96 58 4 40 37 57 8 99 61 97 60 59 65 38 19 25 94 27 73 11 22 3 70
24
8 15 85 4 17 79 63 80 90 60 33 16 6 78 28 47 75 24 84 21 22 9 11 3
