20 100
1 1 1 1 1 1 1 1 1 1 2 2 2 2 2 2 2 2 2 2 3 3 3 3 3 3 3 3 3 3 4 4 4 4 4 4 4 4 4 4 5 5 5 5 5 5 5 5 5 5 6 6 6 6 6 6 6 6 6 6 7 7 7 7 7 7 7 7 7 7 8 8 8 8 8 8 8 8 8 8 9 9 9 9 9 9 9 9 9 9 10 10 10 10 10 10 10 10 10 10
24
54 9 42 61 99 38 76 100 63 82 51 16 12 39 7 5 53 94 20 22 52 49 98 37
25
77 44 7 43 75 38 18 62 52 45 68 26 47 16 25 83 27 76 19 86 17 65 69 92 55
29
94 50 49 55 63 5 59 66 88 79 28 29 77 30 84 33 23 52 64 25 91 69 72 44 65 6 78 97 61
22
55 47 90 97 59 91 18 35 87 34 74 60 52 88 83 37 26 42 99 48 76 2
23
62 10 5 29 61 75 85 68 95 37 36 82 66 47 26 83 53 38 59 97 91 89 55
22
65 1 55 35 58 18 42 96 80 54 57 25 94 37 8 95 11 41 24 20 21 60
20
50 48 93 64 56 40 70 52 39 82 54 49 94 80 33 71 76 72 44 58
26
29 65 59 23 48 73 28 35 95 4 97 18 10 71 31 100 47 32 92 17 19 84 40 38 77 11
23
82 56 21 17 13 31 40 1 90 51 47 57 8 27 5 99 44 16 53 68 65 2 96
27
41 88 27 48 40 49 96 83 1 29 3 98 13 46 89 7 82 9 2 8 86 85 60 19 28 51 63
23
72 19 10 58 93 24 68 35 100 51 47 22 84 31 83 90 99 59 98 89 76 37 13
29
81 59 5 28 9 68 78 22 29 82 18 39 50 10 16 6 43 90 60 41 25 61 65 3 73 55 8 19 93
25
38 48 83 21 80 88 81 8 93 57 95 40 31 67 33 64 4 7 37 29 51 75 5 94 30
22
22 8 67 75 18 10 19 64 15 71 77 68 38 43 3 58 5 23 98 79 32 73
21
21 76 97 38 34 25 74 87 55 67 9 39 81 83 53 86 40 98 29 61 17
21
64 49 73 16 57 7 98 5 2 74 32 29 33 80 9 22 65 35 3 53 27
27
28 15 23 8 77 11 13 49 69 36 17 98 2 12 27 7 70 1 65 19 37 63 41 58 43 16 35
28
16 9 81 19 44 13 57 17 48 79 7 75 98 27 42 86 96 51 33 47 23 8 54 89 76 34 78 30
28
48 47 29 70 30 100 37 71 53 2 32 61 59 93 82 52 68 92 28 79 7 76 99 6 23 20 84 27
26
70 33 13 28 11 90 7 84 47 56 86 31 99 49 65 69 77 24 6 68 85 19 41 87 92 35
