20 100
1 1 1 1 1 1 1 1 1 1 2 2 2 2 2 2 2 2 2 2 3 3 3 3 3 3 3 3 3 3 4 4 4 4 4 4 4 4 4 4 5 5 5 5 5 5 5 5 5 5 6 6 6 6 6 6 6 6 6 6 7 7 7 7 7 7 7 7 7 7 8 8 8 8 8 8 8 8 8 8 9 9 9 9 9 9 9 9 9 9 10 10 10 10 10 10 10 10 10 10
27
85 21 74 14 96 1 18 33 81 48 12 57 61 6 46 37 93 16 95 76 77 54 60 23 97 70 90
20
55 79 72 100 69 93 27 37 42 82 33 4 74 17 48 87 28 86 29 21
24
51 63 76 34 13 86 38 85 22 4 30 60 14 90 62 95 98 36 47 57 87 7 5 39
26
67 33 88 55 42 90 11 1 87 41 27 32 93 25 34 48 38 14 16 85 7 96 23 12 89 29
26
6 52 24 80 72 55 19 12 71 93 11 86 34 30 100 43 1 92 57 87 51 42 39 47 94 28
21
1 43 50 80 96 55 28 73 66 100 84 83 24 82 57 71 37 72 77 13 91
22
45 10 9 65 75 48 42 86 73 37 94 71 69 20 26 53 44 89 61 41 57 56
26
83 67 98 51 15 70 79 61 36 8 38 12 17 28 76 78 94 9 57 63 29 34 16 56 54 4
24
38 17 74 56 2 31 85 10 67 32 35 52 43 76 41 89 9 100 69 94 11 46 66 93
24
34 98 46 23 8 77 85 73 10 5 89 49 58 61 81 84 40 91 2 12 33 53 17 11
27
30 67 56 98 94 45 66 90 53 89 82 41 25 14 65 9 4 38 31 96 20 88 63 36 54 49 58
23
5 64 17 55 91 7 23 32 94 35 18 73 20 93 42 83 19 71 61 60 76 31 66
24
20 80 13 89 63 57 75 58 65 72 70 37 97 7 30 62 87 14 47 69 50 34 35 18
27
21 89 24 100 87 83 84 29 41 6 88 38 80 59 71 25 18 15 36 62 68 85 57 37 31 81 75
26
48 10 26 25 57 4 46 92 93 41 61 81 34 35 53 42 72 30 38 64 82 79 40 91 12 63
23
71 98 38 19 36 76 2 18 9 54 23 89 47 50 88 83 12 56 53 59 85 37 10
25
96 57 17 75 19 59 49 71 23 86 88 50 22 7 27 52 41 100 24 67 30 83 95 43 3
29
24 17 97 36 67 38 51 62 21 85 48 75 44 35 20 84 1 60 11 90 74 39 42 15 46 12 32 9 77
24
46 56 60 23 100 19 5 78 99 95 30 49 81 94 28 61 64 77 96 58 2 31 68 65
28
25 28 7 39 8 26 38 73 96 72 89 51 75 50 30 100 6 54 42 15 35 67 4 56 66 33 20 27
