20 100
1 1 1 1 1 1 1 1 1 1 2 2 2 2 2 2 2 2 2 2 3 3 3 3 3 3 3 3 3 3 4 4 4 4 4 4 4 4 4 4 5 5 5 5 5 5 5 5 5 5 6 6 6 6 6 6 6 6 6 6 7 7 7 7 7 7 7 7 7 7 8 8 8 8 8 8 8 8 8 8 9 9 9 9 9 9 9 9 9 9 10 10 10 10 10 10 10 10 10 10
27
68 46 75 59 43 85 67 11 32 76 2 27 72 96 55 17 74 18 83 38 62 90 40 12 63 70 87
23
60 84 88 90 78 80 18 70 73 77 3 58 69 68 48 98 21 33 57 23 55 40 19
27
49 81 93 82 88 6 32 92 67 75 95 54 23 62 44 46 39 42 45 74 17 14 78 85 97 73 8
27
68 54 12 79 25 77 99 53 82 64 59 71 69 40 35 84 67 37 52 65 56 41 90 55 3 97 86
26
56 16 90 18 95 64 89 31 91 60 81 29 47 10 45 96 1 23 25 14 68 69 74 55 99 9
20
40 45 30 48 67 13 8 92 7 38 28 64 35 34 52 39 87 78 83 23
20
78 32 3 9 65 92 91 83 36 81 49 27 77 54 72 45 63 69 80 14
24
83 82 93 46 26 67 91 77 54 75 60 71 61 5 15 3 52 50 49 72 64 34 56 81
27
1 99 93 67 66 38 25 39 95 5 57 97 3 74 37 89 22 17 85 32 58 51 90 6 78 10 11
23
66 94 54 73 83 34 8 28 96 27 39 95 5 19 75 42 40 41 84 35 38 2 33
23
37 96 87 82 76 8 27 78 60 62 79 83 77 40 48 30 9 55 6 58 14 67 49
25
86 61 73 82 16 12 47 71 6 69 5 24 38 2 95 59 62 79 17 100 39 68 15 55 90
28
38 24 10 32 55 30 41 8 97 78 98 94 56 5 15 58 40 81 57 9 19 48 76 53 72 84 64 93
21
60 100 50 72 32 85 71 63 44 34 37 29 26 13 98 33 23 80 51 57 90
22
26 45 62 27 99 98 21 86 11 93 81 46 14 39 56 18 4 60 79 65 16 43
28
69 41 2 91 70 62 1 40 78 28 57 42 60 93 6 81 38 88 71 96 61 72 84 53 66 34 54 7
23
21 5 85 82 88 70 69 37 7 43 27 75 10 84 2 86 25 35 15 46 17 89 61
27
85 97 42 60 40 50 28 91 13 70 80 17 68 4 66 52 7 90 16 9 67 58 72 94 23 35 76
20
51 34 82 6 14 12 50 25 26 67 66 96 60 53 45 94 75 22 21 35
28
89 61 96 34 78 30 92 97 64 74 22 12 69 9 72 4 5 75 15 85 27 23 33 29 1 46 95 24
