20 100
1 1 1 1 1 1 1 1 1 1 2 2 2 2 2 2 2 2 2 2 3 3 3 3 3 3 3 3 3 3 4 4 4 4 4 4 4 4 4 4 5 5 5 5 5 5 5 5 5 5 6 6 6 6 6 6 6 6 6 6 7 7 7 7 7 7 7 7 7 7 8 8 8 8 8 8 8 8 8 8 9 9 9 9 9 9 9 9 9 9 10 10 10 10 10 10 10 10 10 10
25
47 67 54 49 52 60 53 33 96 56 91 27 29 70 26 43 99 25 71 37 75 69 13 32 40
21
24 37 46 22 56 92 45 19 99 27 16 53 33 62 71 79 72 23 87 61 89
27
19 54 29 65 24 9 10 41 12 80 84 52 82 11 67 2 25 37 13 14 89 59 64 15 22 18 100
28
54 88 53 21 61 60 32 38 15 10 35 52 24 80 23 70 14 28 58 81 67 92 51 93 46 19 6 95
21
9 45 75 40 65 71 62 95 66 38 48 83 61 52 100 78 32 26 27 43 6
28
51 98 6 40 94 93 23 97 99 14 83 85 95 26 45 4 10 29 21 44 47 68 73 46 57 42 50 58
26
70 81 35 82 4 7 43 49 65 78 90 80 61 44 39 28 95 97 30 41 63 48 88 51 27 15
28
65 83 14 82 41 84 4 18 87 38 88 19 80 69 11 67 44 78 77 37 99 63 62 92 60 75 49 47
21
6 20 25 53 68 61 7 86 76 9 82 63 99 47 13 44 58 11 85 96 3
28
89 3 88 80 92 56 93 48 45 91 41 98 100 26 27 23 84 52 38 47 7 78 40 59 5 99 63 73
28
54 88 56 16 63 50 26 93 48 75 11 60 71 6 77 66 94 65 40 73 12 41 42 85 84 59 27 23
23
32 84 26 60 34 86 72 19 98 71 75 36 93 3 6 63 44 81 22 78 55 92 47
26
10 28 41 14 65 21 63 66 91 16 40 90 47 7 20 92 53 44 76 6 35 13 78 75 39 8
26
94 27 4 13 20 99 63 39 78 73 85 46 57 23 60 100 93 91 6 67 83 18 52 30 80 54
27
86 39 43 87 94 5 79 12 3 78 41 52 44 67 37 1 27 53 13 10 33 7 62 95 54 90 31
28
35 83 26 47 12 98 85 75 52 100 18 36 71 22 84 41 61 48 11 89 65 37 2 5 44 91 96 82
28
96 41 11 86 35 64 34 17 21 67 95 72 80 100 26 83 30 33 14 40 79 90 7 25 16 27 4 68
23
47 87 92 64 9 14 43 22 36 39 34 8 18 51 45 15 53 70 62 12 7 60 71
24
14 71 19 28 35 16 9 90 53 40 25 80 57 12 22 64 81 97 33 76 63 56 87 5
29
97 6 38 83 95 8 3 58 70 49 62 89 93 64 44 76 29 90 36 43 16 18 52 60 32 53 41 34 12
