20 100
1 1 1 1 1 1 1 1 1 1 2 2 2 2 2 2 2 2 2 2 3 3 3 3 3 3 3 3 3 3 4 4 4 4 4 4 4 4 4 4 5 5 5 5 5 5 5 5 5 5 6 6 6 6 6 6 6 6 6 6 7 7 7 7 7 7 7 7 7 7 8 8 8 8 8 8 8 8 8 8 9 9 9 9 9 9 9 9 9 9 10 10 10 10 10 10 10 10 10 10
28
5 70 69 68 66 85 55 12 74 79 50 43 94 44 93 86 65 64 88 84 4 40 22 29 34 96 82 58
25
73 53 2 20 17 30 97 66 52 55 99 27 15 28 98 64 32 94 21 82 75 61 71 40 12
24
45 7 76 32 86 64 88 16 85 69 13 30 14 51 34 38 15 39 81 25 59 78 65 55
21
79 68 51 30 8 76 17 21 73 86 46 35 88 93 45 19 36 22 58 42 1
28
57 35 71 12 100 17 68 98 44 91 96 83 86 51 89 97 93 11 39 80 37 77 88 61 82 19 87 41
21
63 67 69 17 84 80 59 95 86 82 30 78 7 100 39 20 4 49 24 33 12
21
1 27 83 51 19 91 28 78 46 11 36 48 35 69 12 76 2 93 71 8 98
20
96 81 2 36 53 47 84 29 15 65 27 67 42 24 97 94 35 80 76 68
26
26 15 88 70 79 28 67 52 13 81 5 91 55 12 99 18 11 62 94 60 32 16 45 2 42 9
20
14 6 50 89 54 35 37 95 78 15 80 11 10 97 25 42 19 17 23 82
21
61 34 10 74 48 18 58 4 91 78 5 98 42 87 2 90 82 11 28 79 12
26
16 60 69 65 80 37 99 61 24 92 5 74 33 6 88 17 67 20 90 10 49 100 64 73 44 91
28
20 97 89 60 95 84 44 7 27 4 100 68 43 79 22 37 70 18 73 76 65 11 46 39 40 62 74 10
27
58 84 94 19 18 44 63 80 67 30 81 64 4 75 62 53 37 87 77 88 42 98 26 25 34 65 23
20
55 50 25 13 9 67 99 94 4 75 85 21 63 80 23 22 71 74 34 78
25
7 75 26 8 34 85 68 3 47 76 54 88 90 27 5 96 39 43 25 60 55 93 66 41 44
21
88 53 7 25 62 57 79 56 42 36 72 5 47 68 9 63 37 74 40 87 19
24
18 52 9 16 29 30 88 36 85 51 31 47 26 66 7 43 19 65 27 83 3 73 98 64
26
56 48 43 58 82 44 77 31 41 96 21 16 23 59 5 62 79 34 86 88 46 97 84 39 38 76
23
33 91 15 38 8 6 40 47 83 20 11 90 9 44 23 28 18 87 43 97 53 66 17
