20 100
1 1 1 1 1 1 1 1 1 1 2 2 2 2 2 2 2 2 2 2 3 3 3 3 3 3 3 3 3 3 4 4 4 4 4 4 4 4 4 4 5 5 5 5 5 5 5 5 5 5 6 6 6 6 6 6 6 6 6 6 7 7 7 7 7 7 7 7 7 7 8 8 8 8 8 8 8 8 8 8 9 9 9 9 9 9 9 9 9 9 10 10 10 10 10 10 10 10 10 10
29
91 55 49 30 73 20 32 68 58 62 15 59 100 70 46 90 78 34 38 95 39 98 10 29 82 64 23 27 13
23
80 44 12 84 6 20 39 13 27 32 28 5 64 61 45 96 3 72 59 95 43 75 34
21
15 83 16 98 48 77 25 3 41 99 47 45 91 97 66 73 35 1 32 81 54
26
35 5 34 94 68 30 89 91 93 57 88 83 25 56 58 7 72 50 80 64 54 75 97 47 26 99
24
61 91 62 44 6 88 87 75 65 60 78 56 1 64 37 66 81 41 53 85 94 97 49 80
24
10 17 39 56 41 73 67 70 13 31 65 2 96 91 53 52 51 49 93 3 32 97 23 4
20
47 14 22 35 7 80 51 60 71 58 62 61 81 82 56 77 67 96 32 73
23
13 58 71 74 83 51 41 78 59 87 96 48 39 64 60 93 92 30 86 31 8 68 23
25
23 36 70 9 71 35 8 90 69 65 62 53 44 96 13 86 41 33 16 55 68 79 75 78 91
21
20 31 33 94 28 91 1 7 21 44 43 53 32 22 24 15 23 10 76 61 71
24
62 56 79 58 4 39 89 46 74 82 57 85 55 66 42 94 68 6 81 99 50 37 43 65
29
62 70 45 81 92 53 51 76 97 99 36 74 69 83 84 71 87 61 17 60 14 8 21 64 56 66 2 93 98
28
4 20 34 12 77 51 8 57 87 23 25 9 16 67 27 13 89 46 78 5 24 43 1 88 62 84 31 82
21
48 62 68 36 4 21 27 72 50 55 28 34 53 40 71 57 77 17 18 6 41
21
78 85 68 47 55 87 48 1 7 34 43 10 66 44 8 75 2 11 18 52 95
24
33 84 19 48 94 68 50 85 7 37 41 80 90 42 8 10 15 1 56 6 20 79 51 23
23
73 39 46 34 43 93 68 32 69 72 70 86 45 9 79 38 42 33 5 16 82 58 14
25
65 87 86 12 3 26 40 61 75 25 48 89 64 47 17 8 21 99 19 74 83 57 85 52 29
29
46 28 47 25 90 68 74 6 34 2 60 9 80 76 100 7 39 38 1 24 52 29 16 63 55 64 3 12 32
27
36 97 66 28 8 89 12 27 77 87 37 34 73 14 85 99 49 98 94 2 21 63 75 29 91 71 17
