20 100
1 1 1 1 1 1 1 1 1 1 2 2 2 2 2 2 2 2 2 2 3 3 3 3 3 3 3 3 3 3 4 4 4 4 4 4 4 4 4 4 5 5 5 5 5 5 5 5 5 5 6 6 6 6 6 6 6 6 6 6 7 7 7 7 7 7 7 7 7 7 8 8 8 8 8 8 8 8 8 8 9 9 9 9 9 9 9 9 9 9 10 10 10 10 10 10 10 10 10 10
24
80 50 24 67 27 61 49 52 64 34 100 77 88 95 63 30 79 70 44 98 48 18 37 62
28
93 56 24 17 40 79 57 61 41 54 5 39 19 27 33 86 100 82 30 53 85 80 21 84 92 25 83 43
22
95 96 38 86 21 47 40 5 32 15 61 34 19 50 42 35 90 3 23 9 58 73
26
87 99 34 31 86 83 28 58 97 68 73 69 100 61 18 90 85 42 27 81 11 70 94 38 7 22
20
92 71 84 41 70 74 42 1 81 16 8 47 45 72 87 19 50 76 59 15
20
95 96 94 38 74 33 73 32 68 64 85 20 11 66 71 28 99 41 56 6
20
94 29 5 39 24 40 28 41 27 93 76 9 26 70 23 18 98 92 14 12
24
73 2 4 99 16 61 95 40 65 38 93 28 66 8 71 31 57 14 74 58 43 26 56 86
26
8 72 33 82 71 41 32 61 99 34 22 67 76 78 15 40 43 26 16 91 28 90 25 10 46 35
26
56 11 13 68 41 65 98 20 5 22 63 100 25 64 45 6 54 42 71 8 32 16 3 92 37 51
20
43 63 54 84 15 31 41 88 95 67 70 4 37 8 100 77 14 32 75 96
23
99 13 96 76 35 29 3 49 30 68 52 19 86 46 98 73 56 84 82 15 83 45 43
23
83 32 34 44 62 85 19 54 97 51 2 65 84 47 52 22 78 8 58 43 90 39 56
20
71 12 28 81 67 26 65 37 85 34 83 75 53 78 6 57 36 91 42 92
29
93 1 20 41 40 78 38 85 60 66 33 36 53 49 94 80 10 28 6 34 31 25 12 24 73 17 52 15 75
26
4 60 77 64 66 20 30 98 55 38 91 40 28 24 94 9 88 31 80 51 15 81 100 87 70 56
23
66 80 8 99 4 24 49 41 69 23 36 28 89 91 18 11 62 73 47 68 82 32 63
26
38 45 14 57 36 3 64 49 33 37 87 61 6 50 44 95 55 75 30 92 2 23 89 60 73 53
28
72 36 20 40 92 3 78 4 23 12 44 31 46 63 50 58 41 22 94 67 85 49 96 86 64 90 93 45
25
44 47 5 85 33 38 94 77 60 34 25 3 89 37 72 1 68 79 35 54 31 10 12 23 9
