20 100
1 1 1 1 1 1 1 1 1 1 2 2 2 2 2 2 2 2 2 2 3 3 3 3 3 3 3 3 3 3 4 4 4 4 4 4 4 4 4 4 5 5 5 5 5 5 5 5 5 5 6 6 6 6 6 6 6 6 6 6 7 7 7 7 7 7 7 7 7 7 8 8 8 8 8 8 8 8 8 8 9 9 9 9 9 9 9 9 9 9 10 10 10 10 10 10 10 10 10 10
22
15 91 79 93 96 48 55 54 45 13 11 33 94 86 39 60 85 38 52 32 50 14
21
83 49 10 48 22 5 25 47 30 6 36 24 26 46 39 51 60 23 52 50 64
20
38 18 13 100 20 71 48 99 79 75 63 49 56 74 88 19 43 82 91 55
28
85 13 24 55 67 44 23 94 74 72 32 79 38 28 6 14 53 59 1 68 10 92 36 97 42 99 33 61
28
65 73 27 67 33 28 96 69 16 78 88 35 22 92 42 61 15 60 75 100 24 74 99 57 80 13 83 81
27
37 3 79 91 39 97 99 19 38 11 34 43 68 41 100 32 58 69 7 50 63 21 54 18 6 80 26
28
12 92 28 13 86 15 45 48 32 14 72 83 85 2 36 66 1 23 8 74 26 33 31 58 93 82 81 5
21
75 20 92 68 26 13 7 67 56 5 16 91 71 73 4 39 66 52 11 95 93
20
45 68 44 56 7 11 2 52 1 87 40 70 13 48 63 41 77 23 30 46
27
91 69 55 50 44 86 98 74 29 22 12 75 54 46 41 40 82 60 33 62 2 47 56 27 57 71 18
27
72 98 13 87 71 12 47 61 42 40 4 22 17 15 10 89 88 55 30 26 38 1 63 81 86 45 60
28
22 4 88 19 49 35 98 79 7 30 54 8 42 41 62 55 64 46 48 99 23 47 60 26 66 63 67 95
24
25 54 59 11 88 14 80 7 74 73 19 27 58 62 96 55 35 65 95 16 79 20 39 92
27
53 50 98 62 66 73 60 75 21 24 97 37 18 72 67 22 13 47 29 76 91 27 2 43 48 33 79
27
29 57 75 45 99 40 49 14 76 47 87 56 51 4 89 65 72 38 94 18 100 43 8 84 90 82 37
26
39 59 66 78 23 98 60 26 93 29 54 79 25 100 48 2 49 84 95 44 4 83 22 13 28 56
25
64 82 11 93 9 38 71 15 33 8 90 43 50 44 21 65 39 78 28 74 56 27 1 42 81
25
97 77 50 29 48 95 13 81 46 60 24 14 92 45 93 30 16 87 12 56 91 42 90 41 32
22
34 92 90 74 16 76 31 6 78 30 5 87 97 26 85 1 25 38 100 56 10 4
25
58 56 49 23 22 28 57 6 47 34 64 86 94 96 68 92 29 55 75 43 51 1 18 98 73
