20 100
1 1 1 1 1 1 1 1 1 1 2 2 2 2 2 2 2 2 2 2 3 3 3 3 3 3 3 3 3 3 4 4 4 4 4 4 4 4 4 4 5 5 5 5 5 5 5 5 5 5 6 6 6 6 6 6 6 6 6 6 7 7 7 7 7 7 7 7 7 7 8 8 8 8 8 8 8 8 8 8 9 9 9 9 9 9 9 9 9 9 10 10 10 10 10 10 10 10 10 10
27
31 73 7 2 21 99 72 66 45 55 3 47 26 84 64 34 18 93 77 11 19 5 10 9 38 33 95
25
71 12 2 22 26 15 39 63 100 99 25 23 10 30 5 35 27 72 42 97 50 34 67 7 47
28
92 4 94 21 62 44 43 41 1 28 52 90 27 38 73 50 42 58 37 82 96 80 10 79 36 47 61 33
28
27 91 12 1 8 18 93 40 30 14 100 11 67 3 96 65 71 58 73 97 41 83 76 10 43 60 77 49
26
36 44 8 82 91 52 11 66 59 33 72 68 48 69 64 62 2 96 86 32 97 51 71 12 89 60
29
76 100 58 5 93 72 52 13 33 10 47 32 43 82 25 40 4 14 8 16 63 94 80 30 62 78 23 38 84
26
78 92 49 68 21 52 87 65 80 31 12 17 39 35 33 25 26 9 66 53 98 48 76 6 83 81
24
47 88 28 69 72 20 93 70 31 59 78 45 4 13 43 34 10 91 14 87 77 3 73 71
20
67 94 69 83 47 40 18 65 8 42 82 38 62 35 96 37 88 93 71 85
26
11 37 79 32 48 3 87 22 73 27 21 97 19 36 30 20 69 45 67 24 53 84 60 46 91 72
20
76 12 48 33 84 65 30 98 88 23 49 66 28 100 41 75 16 37 29 93
24
32 15 22 67 1 99 36 82 28 55 66 31 21 35 10 65 29 98 2 45 38 12 3 72
23
27 14 71 84 48 81 8 75 68 10 35 20 36 25 67 64 41 1 33 24 46 5 97
23
30 74 44 83 48 23 31 62 53 45 93 80 85 58 86 88 5 39 34 63 75 65 70
29
2 66 12 27 11 77 20 7 92 74 100 26 94 16 72 48 33 19 86 78 75 30 8 6 32 60 40 45 23
20
12 29 88 94 23 35 95 43 53 41 54 99 5 58 100 45 46 21 76 77
27
92 37 73 91 62 85 95 13 11 65 94 63 15 81 67 40 28 86 20 87 17 39 71 54 21 12 23
28
63 81 98 39 67 43 69 86 87 97 51 31 8 23 54 33 92 3 19 96 79 12 80 10 7 13 90 95
27
46 38 67 80 70 11 34 40 7 62 49 58 44 72 90 33 94 19 95 23 96 79 83 88 4 2 25
22
93 89 81 8 98 74 65 68 83 73 96 43 44 27 61 71 72 82 17 87 99 21
