20 100
1 1 1 1 1 1 1 1 1 1 2 2 2 2 2 2 2 2 2 2 3 3 3 3 3 3 3 3 3 3 4 4 4 4 4 4 4 4 4 4 5 5 5 5 5 5 5 5 5 5 6 6 6 6 6 6 6 6 6 6 7 7 7 7 7 7 7 7 7 7 8 8 8 8 8 8 8 8 8 8 9 9 9 9 9 9 9 9 9 9 10 10 10 10 10 10 10 10 10 10
24
67 97 4 45 34 41 20 11 90 42 18 57 92 76 9 83 91 87 86 29 55 51 65 58
29
65 82 44 89 34 71 63 4 66 10 92 93 78 84 86 88 50 59 64 7 23 27 26 33 97 67 36 47 40
29
34 45 62 97 89 55 77 15 12 69 51 20 33 41 14 22 84 38 72 5 35 16 7 54 32 40 42 80 47
28
31 32 38 69 20 93 41 14 27 73 86 24 52 21 37 79 80 39 3 65 88 9 28 34 97 6 11 60
28
82 83 96 94 20 38 68 81 55 32 45 78 80 24 29 71 36 1 22 51 72 40 43 21 54 12 88 69
26
90 100 18 31 32 12 58 19 43 14 87 25 89 13 81 2 83 35 78 48 62 91 93 46 8 95
20
23 96 48 81 65 49 8 67 47 21 44 92 30 14 93 7 86 73 45 26
20
46 11 41 75 25 99 80 50 85 89 95 45 40 47 2 90 70 27 17 96
24
85 60 77 63 62 10 73 48 68 86 36 9 14 40 69 45 87 21 3 88 53 99 2 29
21
27 94 37 9 19 22 85 87 13 25 16 5 88 34 51 49 29 98 30 14 31
21
81 2 8 31 86 12 97 99 27 11 56 1 37 26 95 3 46 85 88 35 67
25
6 14 46 28 42 48 66 86 64 88 69 54 44 97 35 84 19 49 3 99 27 77 85 5 76
22
9 71 3 89 92 22 4 82 65 91 50 20 44 5 30 27 97 70 16 66 28 90
20
52 87 74 91 76 40 67 63 75 20 42 88 27 23 1 9 33 54 25 6
24
30 70 10 55 4 44 100 78 75 32 51 28 45 96 57 72 79 15 9 74 37 13 40 6
29
53 96 82 6 32 55 64 65 69 23 25 72 71 85 90 59 40 74 3 31 43 28 98 33 30 79 95 61 62
29
78 62 66 60 3 64 59 74 34 10 58 93 30 21 61 27 15 95 76 83 9 17 84 29 41 44 4 37 67
26
29 60 27 10 67 12 30 42 24 54 68 22 16 8 21 63 99 61 20 19 82 98 47 1 89 58
23
82 26 55 56 20 57 48 63 35 50 67 96 89 31 93 87 49 17 5 75 13 47 69
23
70 62 87 6 85 60 100 54 75 90 68 41 34 93 80 59 22 91 69 28 36 74 77
