20 100
1 1 1 1 1 1 1 1 1 1 2 2 2 2 2 2 2 2 2 2 3 3 3 3 3 3 3 3 3 3 4 4 4 4 4 4 4 4 4 4 5 5 5 5 5 5 5 5 5 5 6 6 6 6 6 6 6 6 6 6 7 7 7 7 7 7 7 7 7 7 8 8 8 8 8 8 8 8 8 8 9 9 9 9 9 9 9 9 9 9 10 10 10 10 10 10 10 10 10 10
27
29 91 62 99 84 75 67 49 70 53 63 73 22 56 55 96 97 52 93 82 45 85 21 100 54 51 38
26
51 87 30 76 59 6 63 29 15 54 99 35 34 1 92 74 4 39 68 90 28 83 32 3 45 33
29
72 78 58 20 43 42 76 15 22 5 44 60 84 49 65 88 80 85 21 34 57 93 63 70 91 6 74 86 29
22
50 86 32 39 51 5 21 15 77 11 63 93 74 62 64 100 13 85 53 6 71 98
22
46 40 69 44 30 42 62 54 47 91 15 71 63 27 6 86 35 13 60 77 2 67
27
40 2 7 12 20 97 18 88 9 46 80 28 55 81 64 50 76 29 93 16 31 14 27 43 21 69 86
25
75 10 11 9 43 96 61 44 22 37 30 39 21 86 3 27 12 40 68 94 62 79 91 16 25
26
18 90 6 79 28 65 58 36 86 64 91 61 53 23 1 98 8 42 54 22 20 95 13 81 46 82
21
41 9 81 90 37 54 66 63 78 2 21 80 17 97 20 3 83 14 86 70 49
29
43 83 39 94 52 37 16 79 93 90 15 29 14 28 50 74 23 12 54 61 44 26 32 24 35 47 8 51 70
28
56 43 49 12 21 7 85 36 92 32 57 15 3 25 17 27 60 69 93 30 82 53 74 86 95 55 31 14
29
93 97 35 44 15 100 14 60 39 68 5 17 48 88 46 20 69 74 64 82 29 40 43 75 90 52 85 2 16
20
16 61 18 75 41 70 28 71 8 86 90 97 73 4 57 49 27 85 88 46
21
52 63 86 44 37 73 68 4 97 3 92 70 58 35 12 45 99 89 2 20 61
20
79 94 18 5 34 80 93 71 29 48 98 95 22 7 83 53 92 67 68 97
21
53 97 11 75 52 32 77 18 14 93 13 96 46 7 98 30 9 86 1 62 36
23
60 81 5 20 84 12 7 87 52 14 6 96 3 67 51 83 18 71 33 56 88 68 74
26
80 100 46 54 69 92 81 12 53 88 93 77 6 78 39 16 91 4 20 45 30 56 75 33 82 43
21
50 37 64 32 88 20 59 43 52 38 67 10 17 44 16 93 40 90 91 81 39
21
89 69 14 63 66 93 86 43 82 51 52 30 58 59 64 100 55 1 65 13 7
