20 100
1 1 1 1 1 1 1 1 1 1 2 2 2 2 2 2 2 2 2 2 3 3 3 3 3 3 3 3 3 3 4 4 4 4 4 4 4 4 4 4 5 5 5 5 5 5 5 5 5 5 6 6 6 6 6 6 6 6 6 6 7 7 7 7 7 7 7 7 7 7 8 8 8 8 8 8 8 8 8 8 9 9 9 9 9 9 9 9 9 9 10 10 10 10 10 10 10 10 10 10
24
99 48 64 46 84 62 79 58 90 22 25 45 31 41 87 66 11 14 76 9 52 1 94 65
29
25 10 87 30 85 38 14 48 78 41 91 35 80 1 52 5 89 44 17 60 74 46 43 12 97 70 64 62 81
20
75 40 73 92 26 89 77 20 43 49 3 74 6 16 29 65 39 48 38 37
25
90 27 6 60 53 84 71 42 11 39 100 89 85 1 4 30 59 12 74 43 61 63 67 93 66
22
70 83 10 100 72 16 56 53 61 96 34 29 79 41 63 19 36 52 85 90 39 14
28
76 2 50 32 21 17 7 53 85 71 9 68 25 83 31 81 67 90 97 61 42 35 58 94 74 1 4 69
25
59 98 50 70 28 91 16 83 71 72 14 47 63 61 54 99 24 31 68 78 81 36 1 44 85
26
87 3 22 73 33 49 7 43 55 27 84 66 58 18 39 2 81 40 99 28 34 35 63 4 78 68
29
71 41 21 75 33 94 79 12 78 63 90 28 56 84 19 82 24 64 85 96 87 34 11 37 60 25 54 73 74
28
4 10 60 24 79 66 6 84 99 31 72 47 15 98 23 83 29 20 61 76 55 34 27 45 38 92 53 56
29
22 14 77 74 83 62 38 81 94 86 80 84 1 42 10 21 61 92 3 97 67 56 17 6 9 70 55 34 16
26
68 6 24 69 89 66 35 19 38 70 61 72 23 57 47 37 28 13 34 11 46 18 82 36 100 80
20
73 64 97 60 19 40 29 96 51 32 21 5 6 28 49 63 33 67 50 34
24
45 74 50 27 88 34 56 77 33 31 25 51 14 46 68 59 4 23 73 64 65 13 32 79
21
18 85 76 43 84 6 74 20 81 52 30 8 28 51 71 54 50 91 38 1 16
28
34 33 23 48 17 14 75 4 12 45 24 65 91 82 7 26 87 55 71 40 46 28 37 76 1 61 70 9
22
56 61 65 11 64 62 76 32 82 58 6 46 30 78 80 66 70 12 44 35 55 8
23
50 80 39 43 88 78 6 85 28 75 82 15 23 1 70 36 33 5 63 94 90 24 35
24
37 28 16 12 88 83 42 5 62 76 77 34 24 26 54 75 94 68 70 52 17 58 27 93
29
66 26 46 20 10 73 98 86 57 91 2 97 71 55 42 53 28 21 75 79 68 87 50 37 100 60 9 11 48
