20 100
1 1 1 1 1 1 1 1 1 1 2 2 2 2 2 2 2 2 2 2 3 3 3 3 3 3 3 3 3 3 4 4 4 4 4 4 4 4 4 4 5 5 5 5 5 5 5 5 5 5 6 6 6 6 6 6 6 6 6 6 7 7 7 7 7 7 7 7 7 7 8 8 8 8 8 8 8 8 8 8 9 9 9 9 9 9 9 9 9 9 10 10 10 10 10 10 10 10 10 10
22
96 41 29 68 18 3 84 4 40 48 89 62 74 44 19 46 42 6 14 15 82 23
28
55 44 4 26 53 42 69 91 70 98 14 11 9 38 19 33 43 94 34 100 48 92 61 6 88 81 46 40
24
17 94 19 15 86 64 40 31 91 8 52 69 95 13 100 41 55 74 10 39 28 56 46 89
22
37 39 1 29 48 68 32 97 69 87 20 49 41 70 66 30 42 98 61 16 74 11
29
81 31 22 98 28 36 62 89 77 12 99 65 32 91 54 70 83 74 19 84 68 37 56 8 6 100 87 97 79
28
26 33 66 72 1 31 47 70 59 99 93 98 11 97 18 49 21 65 25 10 13 19 42 81 34 77 22 44
25
55 29 40 7 47 93 89 99 56 3 57 73 35 69 33 87 78 6 42 8 23 5 96 94 65
24
40 22 71 46 93 70 16 79 63 56 59 72 48 10 74 31 32 45 87 76 12 34 67 38
28
44 80 84 65 87 59 83 21 71 52 75 10 96 93 33 74 64 29 46 19 76 26 31 41 22 8 51 4
22
79 50 8 82 29 73 23 28 3 33 41 56 84 21 64 63 89 6 30 76 1 7
21
31 49 4 97 59 93 9 50 41 13 24 83 22 98 38 90 87 82 94 99 2
20
66 40 73 29 42 97 44 10 16 72 86 57 38 87 62 19 83 31 77 11
25
97 49 67 81 92 55 15 51 31 89 12 46 11 45 14 91 16 98 65 85 94 38 50 52 47
21
11 98 1 97 48 86 72 47 15 68 2 37 84 18 71 100 76 95 55 85 28
23
50 56 22 57 24 37 3 76 53 39 65 11 15 13 86 41 97 1 62 21 33 69 45
22
42 45 55 56 44 37 62 84 80 1 17 83 91 74 98 40 58 24 4 41 90 51
24
89 80 43 64 48 4 42 58 27 55 40 87 16 91 38 72 15 98 19 83 99 1 65 51
25
43 59 11 52 5 80 8 40 54 63 75 25 93 32 92 21 78 100 24 83 45 27 33 71 50
29
63 53 70 9 65 55 73 71 15 57 100 47 51 84 97 66 60 33 78 93 30 42 68 25 89 83 56 43 91
24
17 37 68 94 24 22 85 29 23 53 55 86 9 39 92 99 10 64 50 51 3 36 6 89
