20 100
1 1 1 1 1 1 1 1 1 1 2 2 2 2 2 2 2 2 2 2 3 3 3 3 3 3 3 3 3 3 4 4 4 4 4 4 4 4 4 4 5 5 5 5 5 5 5 5 5 5 6 6 6 6 6 6 6 6 6 6 7 7 7 7 7 7 7 7 7 7 8 8 8 8 8 8 8 8 8 8 9 9 9 9 9 9 9 9 9 9 10 10 10 10 10 10 10 10 10 10
24
17 54 90 51 98 86 40 18 73 45 11 68 32 58 24 77 76 27 31 30 49 80 72 2
23
2 15 93 48 87 92 40 84 70 43 34 30 44 22 5 1 90 20 78 60 11 100 32
21
54 94 80 75 91 88 72 34 70 97 71 37 3 14 19 59 24 66 92 18 31
24
6 63 25 33 98 58 14 10 4 32 91 27 35 40 2 66 90 13 38 89 34 44 50 93
23
57 51 46 78 6 64 36 48 19 20 87 61 15 86 38 2 25 96 76 23 85 3 54
23
73 25 8 46 54 26 5 67 34 10 13 1 93 64 97 22 99 19 17 91 96 47 62
29
22 31 42 30 54 99 63 16 83 8 81 18 9 24 71 45 78 23 50 87 12 15 85 68 19 95 7 86 55
28
75 83 86 36 89 10 58 85 47 60 6 39 95 50 35 3 76 23 97 87 90 72 13 12 21 20 34 100
27
69 6 60 71 66 23 76 27 79 64 20 59 96 84 99 22 24 49 46 56 3 58 1 18 86 38 29
24
89 66 48 7 26 19 28 76 34 63 29 24 51 27 20 68 10 61 56 83 5 13 30 42
20
66 88 47 7 45 78 71 62 43 53 70 14 83 97 2 79 49 10 34 18
23
37 20 81 19 79 95 97 22 18 38 57 23 85 10 73 45 31 71 26 1 87 28 41
23
61 57 86 71 72 94 4 95 15 78 43 6 64 87 56 79 22 55 38 8 83 99 70
25
99 61 54 71 74 96 81 83 23 22 59 32 58 64 57 37 29 62 72 24 43 68 82 80 7
23
78 36 3 42 54 84 88 85 56 70 25 81 83 66 43 71 57 53 20 46 49 94 72
25
51 100 90 34 37 74 14 85 9 68 97 93 20 42 92 52 99 7 54 5 43 22 49 33 50
21
32 9 94 21 73 22 70 59 93 63 75 77 51 71 69 97 64 16 74 90 67
25
14 35 26 86 70 18 68 11 32 85 83 88 66 2 61 96 15 29 71 92 12 56 28 67 82
27
98 79 36 95 35 9 53 66 69 51 23 85 6 59 34 42 78 60 44 13 3 19 10 28 94 92 58
25
90 1 97 43 98 85 27 41 28 72 93 9 82 30 40 3 42 17 49 100 21 92 4 56 38
